 79  80 106 105   1   2  28  27
 80  81 107 106   2   3  29  28
 81  82 108 107   3   4  30  29
 82  83 109 108   4   5  31  30
 83  84 110 109   5   6  32  31
 84  85 111 110   6   7  33  32
 85  86 112 111   7   8  34  33
 86  87 113 112   8   9  35  34
 87  88 114 113   9  10  36  35
 88  89 115 114  10  11  37  36
 89  90 116 115  11  12  38  37
 90  91 117 116  12  13  39  38
 91  92 118 117  13  14  40  39
 92  93 119 118  14  15  41  40
 93  94 120 119  15  16  42  41
 94  95 121 120  16  17  43  42
 95  96 122 121  17  18  44  43
 96  97 123 122  18  19  45  44
 97  98 124 123  19  20  46  45
 98  99 125 124  20  21  47  46
 99 100 126 125  21  22  48  47
100 101 127 126  22  23  49  48
101 102 128 127  23  24  50  49
102 103 129 128  24  25  51  50
103 104 130 129  25  26  52  51
105 106 132 131  27  28  54  53
106 107 133 132  28  29  55  54
107 108 134 133  29  30  56  55
108 109 135 134  30  31  57  56
109 110 136 135  31  32  58  57
110 111 137 136  32  33  59  58
111 112 138 137  33  34  60  59
112 113 139 138  34  35  61  60
113 114 140 139  35  36  62  61
114 115 141 140  36  37  63  62
115 116 142 141  37  38  64  63
116 117 143 142  38  39  65  64
117 118 144 143  39  40  66  65
118 119 145 144  40  41  67  66
119 120 146 145  41  42  68  67
120 121 147 146  42  43  69  68
121 122 148 147  43  44  70  69
122 123 149 148  44  45  71  70
123 124 150 149  45  46  72  71
124 125 151 150  46  47  73  72
125 126 152 151  47  48  74  73
126 127 153 152  48  49  75  74
127 128 154 153  49  50  76  75
128 129 155 154  50  51  77  76
129 130 156 155  51  52  78  77
157 158 184 183  79  80 106 105
158 159 185 184  80  81 107 106
159 160 186 185  81  82 108 107
160 161 187 186  82  83 109 108
161 162 188 187  83  84 110 109
162 163 189 188  84  85 111 110
163 164 190 189  85  86 112 111
164 165 191 190  86  87 113 112
165 166 192 191  87  88 114 113
166 167 193 192  88  89 115 114
167 168 194 193  89  90 116 115
168 169 195 194  90  91 117 116
169 170 196 195  91  92 118 117
170 171 197 196  92  93 119 118
171 172 198 197  93  94 120 119
172 173 199 198  94  95 121 120
173 174 200 199  95  96 122 121
174 175 201 200  96  97 123 122
175 176 202 201  97  98 124 123
176 177 203 202  98  99 125 124
177 178 204 203  99 100 126 125
178 179 205 204 100 101 127 126
179 180 206 205 101 102 128 127
180 181 207 206 102 103 129 128
181 182 208 207 103 104 130 129
183 184 210 209 105 106 132 131
184 185 211 210 106 107 133 132
185 186 212 211 107 108 134 133
186 187 213 212 108 109 135 134
187 188 214 213 109 110 136 135
188 189 215 214 110 111 137 136
189 190 216 215 111 112 138 137
190 191 217 216 112 113 139 138
191 192 218 217 113 114 140 139
192 193 219 218 114 115 141 140
193 194 220 219 115 116 142 141
194 195 221 220 116 117 143 142
195 196 222 221 117 118 144 143
196 197 223 222 118 119 145 144
197 198 224 223 119 120 146 145
198 199 225 224 120 121 147 146
199 200 226 225 121 122 148 147
200 201 227 226 122 123 149 148
201 202 228 227 123 124 150 149
202 203 229 228 124 125 151 150
203 204 230 229 125 126 152 151
204 205 231 230 126 127 153 152
205 206 232 231 127 128 154 153
206 207 233 232 128 129 155 154
207 208 234 233 129 130 156 155
235 236 262 261 157 158 184 183
236 237 263 262 158 159 185 184
237 238 264 263 159 160 186 185
238 239 265 264 160 161 187 186
239 240 266 265 161 162 188 187
240 241 267 266 162 163 189 188
241 242 268 267 163 164 190 189
242 243 269 268 164 165 191 190
243 244 270 269 165 166 192 191
244 245 271 270 166 167 193 192
245 246 272 271 167 168 194 193
246 247 273 272 168 169 195 194
247 248 274 273 169 170 196 195
248 249 275 274 170 171 197 196
249 250 276 275 171 172 198 197
250 251 277 276 172 173 199 198
251 252 278 277 173 174 200 199
252 253 279 278 174 175 201 200
253 254 280 279 175 176 202 201
254 255 281 280 176 177 203 202
255 256 282 281 177 178 204 203
256 257 283 282 178 179 205 204
257 258 284 283 179 180 206 205
258 259 285 284 180 181 207 206
259 260 286 285 181 182 208 207
261 262 288 287 183 184 210 209
262 263 289 288 184 185 211 210
263 264 290 289 185 186 212 211
264 265 291 290 186 187 213 212
265 266 292 291 187 188 214 213
266 267 293 292 188 189 215 214
267 268 294 293 189 190 216 215
268 269 295 294 190 191 217 216
269 270 296 295 191 192 218 217
270 271 297 296 192 193 219 218
271 272 298 297 193 194 220 219
272 273 299 298 194 195 221 220
273 274 300 299 195 196 222 221
274 275 301 300 196 197 223 222
275 276 302 301 197 198 224 223
276 277 303 302 198 199 225 224
277 278 304 303 199 200 226 225
278 279 305 304 200 201 227 226
279 280 306 305 201 202 228 227
280 281 307 306 202 203 229 228
281 282 308 307 203 204 230 229
282 283 309 308 204 205 231 230
283 284 310 309 205 206 232 231
284 285 311 310 206 207 233 232
285 286 312 311 207 208 234 233
313 314 340 339 235 236 262 261
314 315 341 340 236 237 263 262
315 316 342 341 237 238 264 263
316 317 343 342 238 239 265 264
317 318 344 343 239 240 266 265
318 319 345 344 240 241 267 266
319 320 346 345 241 242 268 267
320 321 347 346 242 243 269 268
321 322 348 347 243 244 270 269
322 323 349 348 244 245 271 270
323 324 350 349 245 246 272 271
324 325 351 350 246 247 273 272
325 326 352 351 247 248 274 273
326 327 353 352 248 249 275 274
327 328 354 353 249 250 276 275
328 329 355 354 250 251 277 276
329 330 356 355 251 252 278 277
330 331 357 356 252 253 279 278
331 332 358 357 253 254 280 279
332 333 359 358 254 255 281 280
333 334 360 359 255 256 282 281
334 335 361 360 256 257 283 282
335 336 362 361 257 258 284 283
336 337 363 362 258 259 285 284
337 338 364 363 259 260 286 285
339 340 366 365 261 262 288 287
340 341 367 366 262 263 289 288
341 342 368 367 263 264 290 289
342 343 369 368 264 265 291 290
343 344 370 369 265 266 292 291
344 345 371 370 266 267 293 292
345 346 372 371 267 268 294 293
346 347 373 372 268 269 295 294
347 348 374 373 269 270 296 295
348 349 375 374 270 271 297 296
349 350 376 375 271 272 298 297
350 351 377 376 272 273 299 298
351 352 378 377 273 274 300 299
352 353 379 378 274 275 301 300
353 354 380 379 275 276 302 301
354 355 381 380 276 277 303 302
355 356 382 381 277 278 304 303
356 357 383 382 278 279 305 304
357 358 384 383 279 280 306 305
358 359 385 384 280 281 307 306
359 360 386 385 281 282 308 307
360 361 387 386 282 283 309 308
361 362 388 387 283 284 310 309
362 363 389 388 284 285 311 310
363 364 390 389 285 286 312 311
391 392 418 417 313 314 340 339
392 393 419 418 314 315 341 340
393 394 420 419 315 316 342 341
394 395 421 420 316 317 343 342
395 396 422 421 317 318 344 343
396 397 423 422 318 319 345 344
397 398 424 423 319 320 346 345
398 399 425 424 320 321 347 346
399 400 426 425 321 322 348 347
400 401 427 426 322 323 349 348
401 402 428 427 323 324 350 349
402 403 429 428 324 325 351 350
403 404 430 429 325 326 352 351
404 405 431 430 326 327 353 352
405 406 432 431 327 328 354 353
406 407 433 432 328 329 355 354
407 408 434 433 329 330 356 355
408 409 435 434 330 331 357 356
409 410 436 435 331 332 358 357
410 411 437 436 332 333 359 358
411 412 438 437 333 334 360 359
412 413 439 438 334 335 361 360
413 414 440 439 335 336 362 361
414 415 441 440 336 337 363 362
415 416 442 441 337 338 364 363
417 418 444 443 339 340 366 365
418 419 445 444 340 341 367 366
419 420 446 445 341 342 368 367
420 421 447 446 342 343 369 368
421 422 448 447 343 344 370 369
422 423 449 448 344 345 371 370
423 424 450 449 345 346 372 371
424 425 451 450 346 347 373 372
425 426 452 451 347 348 374 373
426 427 453 452 348 349 375 374
427 428 454 453 349 350 376 375
428 429 455 454 350 351 377 376
429 430 456 455 351 352 378 377
430 431 457 456 352 353 379 378
431 432 458 457 353 354 380 379
432 433 459 458 354 355 381 380
433 434 460 459 355 356 382 381
434 435 461 460 356 357 383 382
435 436 462 461 357 358 384 383
436 437 463 462 358 359 385 384
437 438 464 463 359 360 386 385
438 439 465 464 360 361 387 386
439 440 466 465 361 362 388 387
440 441 467 466 362 363 389 388
441 442 468 467 363 364 390 389
469 470 496 495 391 392 418 417
470 471 497 496 392 393 419 418
471 472 498 497 393 394 420 419
472 473 499 498 394 395 421 420
473 474 500 499 395 396 422 421
474 475 501 500 396 397 423 422
475 476 502 501 397 398 424 423
476 477 503 502 398 399 425 424
477 478 504 503 399 400 426 425
478 479 505 504 400 401 427 426
479 480 506 505 401 402 428 427
480 481 507 506 402 403 429 428
481 482 508 507 403 404 430 429
482 483 509 508 404 405 431 430
483 484 510 509 405 406 432 431
484 485 511 510 406 407 433 432
485 486 512 511 407 408 434 433
486 487 513 512 408 409 435 434
487 488 514 513 409 410 436 435
488 489 515 514 410 411 437 436
489 490 516 515 411 412 438 437
490 491 517 516 412 413 439 438
491 492 518 517 413 414 440 439
492 493 519 518 414 415 441 440
493 494 520 519 415 416 442 441
495 496 522 521 417 418 444 443
496 497 523 522 418 419 445 444
497 498 524 523 419 420 446 445
498 499 525 524 420 421 447 446
499 500 526 525 421 422 448 447
500 501 527 526 422 423 449 448
501 502 528 527 423 424 450 449
502 503 529 528 424 425 451 450
503 504 530 529 425 426 452 451
504 505 531 530 426 427 453 452
505 506 532 531 427 428 454 453
506 507 533 532 428 429 455 454
507 508 534 533 429 430 456 455
508 509 535 534 430 431 457 456
509 510 536 535 431 432 458 457
510 511 537 536 432 433 459 458
511 512 538 537 433 434 460 459
512 513 539 538 434 435 461 460
513 514 540 539 435 436 462 461
514 515 541 540 436 437 463 462
515 516 542 541 437 438 464 463
516 517 543 542 438 439 465 464
517 518 544 543 439 440 466 465
518 519 545 544 440 441 467 466
519 520 546 545 441 442 468 467
547 548 574 573 469 470 496 495
548 549 575 574 470 471 497 496
549 550 576 575 471 472 498 497
550 551 577 576 472 473 499 498
551 552 578 577 473 474 500 499
552 553 579 578 474 475 501 500
553 554 580 579 475 476 502 501
554 555 581 580 476 477 503 502
555 556 582 581 477 478 504 503
556 557 583 582 478 479 505 504
557 558 584 583 479 480 506 505
558 559 585 584 480 481 507 506
559 560 586 585 481 482 508 507
560 561 587 586 482 483 509 508
561 562 588 587 483 484 510 509
562 563 589 588 484 485 511 510
563 564 590 589 485 486 512 511
564 565 591 590 486 487 513 512
565 566 592 591 487 488 514 513
566 567 593 592 488 489 515 514
567 568 594 593 489 490 516 515
568 569 595 594 490 491 517 516
569 570 596 595 491 492 518 517
570 571 597 596 492 493 519 518
571 572 598 597 493 494 520 519
573 574 600 599 495 496 522 521
574 575 601 600 496 497 523 522
575 576 602 601 497 498 524 523
576 577 603 602 498 499 525 524
577 578 604 603 499 500 526 525
578 579 605 604 500 501 527 526
579 580 606 605 501 502 528 527
580 581 607 606 502 503 529 528
581 582 608 607 503 504 530 529
582 583 609 608 504 505 531 530
583 584 610 609 505 506 532 531
584 585 611 610 506 507 533 532
585 586 612 611 507 508 534 533
586 587 613 612 508 509 535 534
587 588 614 613 509 510 536 535
588 589 615 614 510 511 537 536
589 590 616 615 511 512 538 537
590 591 617 616 512 513 539 538
591 592 618 617 513 514 540 539
592 593 619 618 514 515 541 540
593 594 620 619 515 516 542 541
594 595 621 620 516 517 543 542
595 596 622 621 517 518 544 543
596 597 623 622 518 519 545 544
597 598 624 623 519 520 546 545
625 626 652 651 547 548 574 573
626 627 653 652 548 549 575 574
627 628 654 653 549 550 576 575
628 629 655 654 550 551 577 576
629 630 656 655 551 552 578 577
630 631 657 656 552 553 579 578
631 632 658 657 553 554 580 579
632 633 659 658 554 555 581 580
633 634 660 659 555 556 582 581
634 635 661 660 556 557 583 582
635 636 662 661 557 558 584 583
636 637 663 662 558 559 585 584
637 638 664 663 559 560 586 585
638 639 665 664 560 561 587 586
639 640 666 665 561 562 588 587
640 641 667 666 562 563 589 588
641 642 668 667 563 564 590 589
642 643 669 668 564 565 591 590
643 644 670 669 565 566 592 591
644 645 671 670 566 567 593 592
645 646 672 671 567 568 594 593
646 647 673 672 568 569 595 594
647 648 674 673 569 570 596 595
648 649 675 674 570 571 597 596
649 650 676 675 571 572 598 597
651 652 678 677 573 574 600 599
652 653 679 678 574 575 601 600
653 654 680 679 575 576 602 601
654 655 681 680 576 577 603 602
655 656 682 681 577 578 604 603
656 657 683 682 578 579 605 604
657 658 684 683 579 580 606 605
658 659 685 684 580 581 607 606
659 660 686 685 581 582 608 607
660 661 687 686 582 583 609 608
661 662 688 687 583 584 610 609
662 663 689 688 584 585 611 610
663 664 690 689 585 586 612 611
664 665 691 690 586 587 613 612
665 666 692 691 587 588 614 613
666 667 693 692 588 589 615 614
667 668 694 693 589 590 616 615
668 669 695 694 590 591 617 616
669 670 696 695 591 592 618 617
670 671 697 696 592 593 619 618
671 672 698 697 593 594 620 619
672 673 699 698 594 595 621 620
673 674 700 699 595 596 622 621
674 675 701 700 596 597 623 622
675 676 702 701 597 598 624 623
703 704 730 729 625 626 652 651
704 705 731 730 626 627 653 652
705 706 732 731 627 628 654 653
706 707 733 732 628 629 655 654
707 708 734 733 629 630 656 655
708 709 735 734 630 631 657 656
709 710 736 735 631 632 658 657
710 711 737 736 632 633 659 658
711 712 738 737 633 634 660 659
712 713 739 738 634 635 661 660
713 714 740 739 635 636 662 661
714 715 741 740 636 637 663 662
715 716 742 741 637 638 664 663
716 717 743 742 638 639 665 664
717 718 744 743 639 640 666 665
718 719 745 744 640 641 667 666
719 720 746 745 641 642 668 667
720 721 747 746 642 643 669 668
721 722 748 747 643 644 670 669
722 723 749 748 644 645 671 670
723 724 750 749 645 646 672 671
724 725 751 750 646 647 673 672
725 726 752 751 647 648 674 673
726 727 753 752 648 649 675 674
727 728 754 753 649 650 676 675
729 730 756 755 651 652 678 677
730 731 757 756 652 653 679 678
731 732 758 757 653 654 680 679
732 733 759 758 654 655 681 680
733 734 760 759 655 656 682 681
734 735 761 760 656 657 683 682
735 736 762 761 657 658 684 683
736 737 763 762 658 659 685 684
737 738 764 763 659 660 686 685
738 739 765 764 660 661 687 686
739 740 766 765 661 662 688 687
740 741 767 766 662 663 689 688
741 742 768 767 663 664 690 689
742 743 769 768 664 665 691 690
743 744 770 769 665 666 692 691
744 745 771 770 666 667 693 692
745 746 772 771 667 668 694 693
746 747 773 772 668 669 695 694
747 748 774 773 669 670 696 695
748 749 775 774 670 671 697 696
749 750 776 775 671 672 698 697
750 751 777 776 672 673 699 698
751 752 778 777 673 674 700 699
752 753 779 778 674 675 701 700
753 754 780 779 675 676 702 701
781 782 808 807 703 704 730 729
782 783 809 808 704 705 731 730
783 784 810 809 705 706 732 731
784 785 811 810 706 707 733 732
785 786 812 811 707 708 734 733
786 787 813 812 708 709 735 734
787 788 814 813 709 710 736 735
788 789 815 814 710 711 737 736
789 790 816 815 711 712 738 737
790 791 817 816 712 713 739 738
791 792 818 817 713 714 740 739
792 793 819 818 714 715 741 740
793 794 820 819 715 716 742 741
794 795 821 820 716 717 743 742
795 796 822 821 717 718 744 743
796 797 823 822 718 719 745 744
797 798 824 823 719 720 746 745
798 799 825 824 720 721 747 746
799 800 826 825 721 722 748 747
800 801 827 826 722 723 749 748
801 802 828 827 723 724 750 749
802 803 829 828 724 725 751 750
803 804 830 829 725 726 752 751
804 805 831 830 726 727 753 752
805 806 832 831 727 728 754 753
807 808 834 833 729 730 756 755
808 809 835 834 730 731 757 756
809 810 836 835 731 732 758 757
810 811 837 836 732 733 759 758
811 812 838 837 733 734 760 759
812 813 839 838 734 735 761 760
813 814 840 839 735 736 762 761
814 815 841 840 736 737 763 762
815 816 842 841 737 738 764 763
816 817 843 842 738 739 765 764
817 818 844 843 739 740 766 765
818 819 845 844 740 741 767 766
819 820 846 845 741 742 768 767
820 821 847 846 742 743 769 768
821 822 848 847 743 744 770 769
822 823 849 848 744 745 771 770
823 824 850 849 745 746 772 771
824 825 851 850 746 747 773 772
825 826 852 851 747 748 774 773
826 827 853 852 748 749 775 774
827 828 854 853 749 750 776 775
828 829 855 854 750 751 777 776
829 830 856 855 751 752 778 777
830 831 857 856 752 753 779 778
831 832 858 857 753 754 780 779
