0.0199999996 0.0500000007  0.00800000038
0.0199999996 0.0460000001  0.00800000038
0.0199999996 0.0419999994  0.00800000038
0.0199999996 0.0379999988  0.00800000038
0.0199999996 0.0340000018  0.00800000038
0.0199999996 0.0299999993  0.00800000038
0.0199999996 0.0260000005  0.00800000038
0.0199999996 0.0219999999  0.00800000038
0.0199999996 0.0179999992  0.00800000038
0.0199999996 0.0140000004  0.00800000038
0.0199999996 0.00999999978  0.00800000038
0.0199999996 0.00600000005  0.00800000038
0.0199999996 0.00200000009  0.00800000038
0.0199999996 -0.00200000009  0.00800000038
0.0199999996 -0.00600000005  0.00800000038
0.0199999996 -0.00999999978  0.00800000038
0.0199999996 -0.0140000004  0.00800000038
0.0199999996 -0.0179999992  0.00800000038
0.0199999996 -0.0219999999  0.00800000038
0.0199999996 -0.0260000005  0.00800000038
0.0199999996 -0.0299999993  0.00800000038
0.0199999996 -0.0340000018  0.00800000038
0.0199999996 -0.0379999988  0.00800000038
0.0199999996 -0.0419999994  0.00800000038
0.0199999996 -0.0460000001  0.00800000038
0.0199999996 -0.0500000007  0.00800000038
0.0199999996 0.0500000007  0.00400000019
0.0199999996 0.0460000001  0.00400000019
0.0199999996 0.0419999994  0.00400000019
0.0199999996 0.0379999988  0.00400000019
0.0199999996 0.0340000018  0.00400000019
0.0199999996 0.0299999993  0.00400000019
0.0199999996 0.0260000005  0.00400000019
0.0199999996 0.0219999999  0.00400000019
0.0199999996 0.0179999992  0.00400000019
0.0199999996 0.0140000004  0.00400000019
0.0199999996 0.00999999978  0.00400000019
0.0199999996 0.00600000005  0.00400000019
0.0199999996 0.00200000009  0.00400000019
0.0199999996 -0.00200000009  0.00400000019
0.0199999996 -0.00600000005  0.00400000019
0.0199999996 -0.00999999978  0.00400000019
0.0199999996 -0.0140000004  0.00400000019
0.0199999996 -0.0179999992  0.00400000019
0.0199999996 -0.0219999999  0.00400000019
0.0199999996 -0.0260000005  0.00400000019
0.0199999996 -0.0299999993  0.00400000019
0.0199999996 -0.0340000018  0.00400000019
0.0199999996 -0.0379999988  0.00400000019
0.0199999996 -0.0419999994  0.00400000019
0.0199999996 -0.0460000001  0.00400000019
0.0199999996 -0.0500000007  0.00400000019
0.0199999996 0.0500000007            0.
0.0199999996 0.0460000001            0.
0.0199999996 0.0419999994            0.
0.0199999996 0.0379999988            0.
0.0199999996 0.0340000018            0.
0.0199999996 0.0299999993            0.
0.0199999996 0.0260000005            0.
0.0199999996 0.0219999999            0.
0.0199999996 0.0179999992            0.
0.0199999996 0.0140000004            0.
0.0199999996 0.00999999978            0.
0.0199999996 0.00600000005            0.
0.0199999996 0.00200000009            0.
0.0199999996 -0.00200000009            0.
0.0199999996 -0.00600000005            0.
0.0199999996 -0.00999999978            0.
0.0199999996 -0.0140000004            0.
0.0199999996 -0.0179999992            0.
0.0199999996 -0.0219999999            0.
0.0199999996 -0.0260000005            0.
0.0199999996 -0.0299999993            0.
0.0199999996 -0.0340000018            0.
0.0199999996 -0.0379999988            0.
0.0199999996 -0.0419999994            0.
0.0199999996 -0.0460000001            0.
0.0199999996 -0.0500000007            0.
0.0160000008 0.0500000007  0.00800000038
0.0160000008 0.0460000001  0.00800000038
0.0160000008 0.0419999994  0.00800000038
0.0160000008 0.0379999988  0.00800000038
0.0160000008 0.0340000018  0.00800000038
0.0160000008 0.0299999993  0.00800000038
0.0160000008 0.0260000005  0.00800000038
0.0160000008 0.0219999999  0.00800000038
0.0160000008 0.0179999992  0.00800000038
0.0160000008 0.0140000004  0.00800000038
0.0160000008 0.00999999978  0.00800000038
0.0160000008 0.00600000005  0.00800000038
0.0160000008 0.00200000009  0.00800000038
0.0160000008 -0.00200000009  0.00800000038
0.0160000008 -0.00600000005  0.00800000038
0.0160000008 -0.00999999978  0.00800000038
0.0160000008 -0.0140000004  0.00800000038
0.0160000008 -0.0179999992  0.00800000038
0.0160000008 -0.0219999999  0.00800000038
0.0160000008 -0.0260000005  0.00800000038
0.0160000008 -0.0299999993  0.00800000038
0.0160000008 -0.0340000018  0.00800000038
0.0160000008 -0.0379999988  0.00800000038
0.0160000008 -0.0419999994  0.00800000038
0.0160000008 -0.0460000001  0.00800000038
0.0160000008 -0.0500000007  0.00800000038
0.0160000008 0.0500000007  0.00400000019
0.0160000008 0.0460000001  0.00400000019
0.0160000008 0.0419999994  0.00400000019
0.0160000008 0.0379999988  0.00400000019
0.0160000008 0.0340000018  0.00400000019
0.0160000008 0.0299999993  0.00400000019
0.0160000008 0.0260000005  0.00400000019
0.0160000008 0.0219999999  0.00400000019
0.0160000008 0.0179999992  0.00400000019
0.0160000008 0.0140000004  0.00400000019
0.0160000008 0.00999999978  0.00400000019
0.0160000008 0.00600000005  0.00400000019
0.0160000008 0.00200000009  0.00400000019
0.0160000008 -0.00200000009  0.00400000019
0.0160000008 -0.00600000005  0.00400000019
0.0160000008 -0.00999999978  0.00400000019
0.0160000008 -0.0140000004  0.00400000019
0.0160000008 -0.0179999992  0.00400000019
0.0160000008 -0.0219999999  0.00400000019
0.0160000008 -0.0260000005  0.00400000019
0.0160000008 -0.0299999993  0.00400000019
0.0160000008 -0.0340000018  0.00400000019
0.0160000008 -0.0379999988  0.00400000019
0.0160000008 -0.0419999994  0.00400000019
0.0160000008 -0.0460000001  0.00400000019
0.0160000008 -0.0500000007  0.00400000019
0.0160000008 0.0500000007            0.
0.0160000008 0.0460000001            0.
0.0160000008 0.0419999994            0.
0.0160000008 0.0379999988            0.
0.0160000008 0.0340000018            0.
0.0160000008 0.0299999993            0.
0.0160000008 0.0260000005            0.
0.0160000008 0.0219999999            0.
0.0160000008 0.0179999992            0.
0.0160000008 0.0140000004            0.
0.0160000008 0.00999999978            0.
0.0160000008 0.00600000005            0.
0.0160000008 0.00200000009            0.
0.0160000008 -0.00200000009            0.
0.0160000008 -0.00600000005            0.
0.0160000008 -0.00999999978            0.
0.0160000008 -0.0140000004            0.
0.0160000008 -0.0179999992            0.
0.0160000008 -0.0219999999            0.
0.0160000008 -0.0260000005            0.
0.0160000008 -0.0299999993            0.
0.0160000008 -0.0340000018            0.
0.0160000008 -0.0379999988            0.
0.0160000008 -0.0419999994            0.
0.0160000008 -0.0460000001            0.
0.0160000008 -0.0500000007            0.
0.0120000001 0.0500000007  0.00800000038
0.0120000001 0.0460000001  0.00800000038
0.0120000001 0.0419999994  0.00800000038
0.0120000001 0.0379999988  0.00800000038
0.0120000001 0.0340000018  0.00800000038
0.0120000001 0.0299999993  0.00800000038
0.0120000001 0.0260000005  0.00800000038
0.0120000001 0.0219999999  0.00800000038
0.0120000001 0.0179999992  0.00800000038
0.0120000001 0.0140000004  0.00800000038
0.0120000001 0.00999999978  0.00800000038
0.0120000001 0.00600000005  0.00800000038
0.0120000001 0.00200000009  0.00800000038
0.0120000001 -0.00200000009  0.00800000038
0.0120000001 -0.00600000005  0.00800000038
0.0120000001 -0.00999999978  0.00800000038
0.0120000001 -0.0140000004  0.00800000038
0.0120000001 -0.0179999992  0.00800000038
0.0120000001 -0.0219999999  0.00800000038
0.0120000001 -0.0260000005  0.00800000038
0.0120000001 -0.0299999993  0.00800000038
0.0120000001 -0.0340000018  0.00800000038
0.0120000001 -0.0379999988  0.00800000038
0.0120000001 -0.0419999994  0.00800000038
0.0120000001 -0.0460000001  0.00800000038
0.0120000001 -0.0500000007  0.00800000038
0.0120000001 0.0500000007  0.00400000019
0.0120000001 0.0460000001  0.00400000019
0.0120000001 0.0419999994  0.00400000019
0.0120000001 0.0379999988  0.00400000019
0.0120000001 0.0340000018  0.00400000019
0.0120000001 0.0299999993  0.00400000019
0.0120000001 0.0260000005  0.00400000019
0.0120000001 0.0219999999  0.00400000019
0.0120000001 0.0179999992  0.00400000019
0.0120000001 0.0140000004  0.00400000019
0.0120000001 0.00999999978  0.00400000019
0.0120000001 0.00600000005  0.00400000019
0.0120000001 0.00200000009  0.00400000019
0.0120000001 -0.00200000009  0.00400000019
0.0120000001 -0.00600000005  0.00400000019
0.0120000001 -0.00999999978  0.00400000019
0.0120000001 -0.0140000004  0.00400000019
0.0120000001 -0.0179999992  0.00400000019
0.0120000001 -0.0219999999  0.00400000019
0.0120000001 -0.0260000005  0.00400000019
0.0120000001 -0.0299999993  0.00400000019
0.0120000001 -0.0340000018  0.00400000019
0.0120000001 -0.0379999988  0.00400000019
0.0120000001 -0.0419999994  0.00400000019
0.0120000001 -0.0460000001  0.00400000019
0.0120000001 -0.0500000007  0.00400000019
0.0120000001 0.0500000007            0.
0.0120000001 0.0460000001            0.
0.0120000001 0.0419999994            0.
0.0120000001 0.0379999988            0.
0.0120000001 0.0340000018            0.
0.0120000001 0.0299999993            0.
0.0120000001 0.0260000005            0.
0.0120000001 0.0219999999            0.
0.0120000001 0.0179999992            0.
0.0120000001 0.0140000004            0.
0.0120000001 0.00999999978            0.
0.0120000001 0.00600000005            0.
0.0120000001 0.00200000009            0.
0.0120000001 -0.00200000009            0.
0.0120000001 -0.00600000005            0.
0.0120000001 -0.00999999978            0.
0.0120000001 -0.0140000004            0.
0.0120000001 -0.0179999992            0.
0.0120000001 -0.0219999999            0.
0.0120000001 -0.0260000005            0.
0.0120000001 -0.0299999993            0.
0.0120000001 -0.0340000018            0.
0.0120000001 -0.0379999988            0.
0.0120000001 -0.0419999994            0.
0.0120000001 -0.0460000001            0.
0.0120000001 -0.0500000007            0.
0.00800000038 0.0500000007  0.00800000038
0.00800000038 0.0460000001  0.00800000038
0.00800000038 0.0419999994  0.00800000038
0.00800000038 0.0379999988  0.00800000038
0.00800000038 0.0340000018  0.00800000038
0.00800000038 0.0299999993  0.00800000038
0.00800000038 0.0260000005  0.00800000038
0.00800000038 0.0219999999  0.00800000038
0.00800000038 0.0179999992  0.00800000038
0.00800000038 0.0140000004  0.00800000038
0.00800000038 0.00999999978  0.00800000038
0.00800000038 0.00600000005  0.00800000038
0.00800000038 0.00200000009  0.00800000038
0.00800000038 -0.00200000009  0.00800000038
0.00800000038 -0.00600000005  0.00800000038
0.00800000038 -0.00999999978  0.00800000038
0.00800000038 -0.0140000004  0.00800000038
0.00800000038 -0.0179999992  0.00800000038
0.00800000038 -0.0219999999  0.00800000038
0.00800000038 -0.0260000005  0.00800000038
0.00800000038 -0.0299999993  0.00800000038
0.00800000038 -0.0340000018  0.00800000038
0.00800000038 -0.0379999988  0.00800000038
0.00800000038 -0.0419999994  0.00800000038
0.00800000038 -0.0460000001  0.00800000038
0.00800000038 -0.0500000007  0.00800000038
0.00800000038 0.0500000007  0.00400000019
0.00800000038 0.0460000001  0.00400000019
0.00800000038 0.0419999994  0.00400000019
0.00800000038 0.0379999988  0.00400000019
0.00800000038 0.0340000018  0.00400000019
0.00800000038 0.0299999993  0.00400000019
0.00800000038 0.0260000005  0.00400000019
0.00800000038 0.0219999999  0.00400000019
0.00800000038 0.0179999992  0.00400000019
0.00800000038 0.0140000004  0.00400000019
0.00800000038 0.00999999978  0.00400000019
0.00800000038 0.00600000005  0.00400000019
0.00800000038 0.00200000009  0.00400000019
0.00800000038 -0.00200000009  0.00400000019
0.00800000038 -0.00600000005  0.00400000019
0.00800000038 -0.00999999978  0.00400000019
0.00800000038 -0.0140000004  0.00400000019
0.00800000038 -0.0179999992  0.00400000019
0.00800000038 -0.0219999999  0.00400000019
0.00800000038 -0.0260000005  0.00400000019
0.00800000038 -0.0299999993  0.00400000019
0.00800000038 -0.0340000018  0.00400000019
0.00800000038 -0.0379999988  0.00400000019
0.00800000038 -0.0419999994  0.00400000019
0.00800000038 -0.0460000001  0.00400000019
0.00800000038 -0.0500000007  0.00400000019
0.00800000038 0.0500000007            0.
0.00800000038 0.0460000001            0.
0.00800000038 0.0419999994            0.
0.00800000038 0.0379999988            0.
0.00800000038 0.0340000018            0.
0.00800000038 0.0299999993            0.
0.00800000038 0.0260000005            0.
0.00800000038 0.0219999999            0.
0.00800000038 0.0179999992            0.
0.00800000038 0.0140000004            0.
0.00800000038 0.00999999978            0.
0.00800000038 0.00600000005            0.
0.00800000038 0.00200000009            0.
0.00800000038 -0.00200000009            0.
0.00800000038 -0.00600000005            0.
0.00800000038 -0.00999999978            0.
0.00800000038 -0.0140000004            0.
0.00800000038 -0.0179999992            0.
0.00800000038 -0.0219999999            0.
0.00800000038 -0.0260000005            0.
0.00800000038 -0.0299999993            0.
0.00800000038 -0.0340000018            0.
0.00800000038 -0.0379999988            0.
0.00800000038 -0.0419999994            0.
0.00800000038 -0.0460000001            0.
0.00800000038 -0.0500000007            0.
0.00400000019 0.0500000007  0.00800000038
0.00400000019 0.0460000001  0.00800000038
0.00400000019 0.0419999994  0.00800000038
0.00400000019 0.0379999988  0.00800000038
0.00400000019 0.0340000018  0.00800000038
0.00400000019 0.0299999993  0.00800000038
0.00400000019 0.0260000005  0.00800000038
0.00400000019 0.0219999999  0.00800000038
0.00400000019 0.0179999992  0.00800000038
0.00400000019 0.0140000004  0.00800000038
0.00400000019 0.00999999978  0.00800000038
0.00400000019 0.00600000005  0.00800000038
0.00400000019 0.00200000009  0.00800000038
0.00400000019 -0.00200000009  0.00800000038
0.00400000019 -0.00600000005  0.00800000038
0.00400000019 -0.00999999978  0.00800000038
0.00400000019 -0.0140000004  0.00800000038
0.00400000019 -0.0179999992  0.00800000038
0.00400000019 -0.0219999999  0.00800000038
0.00400000019 -0.0260000005  0.00800000038
0.00400000019 -0.0299999993  0.00800000038
0.00400000019 -0.0340000018  0.00800000038
0.00400000019 -0.0379999988  0.00800000038
0.00400000019 -0.0419999994  0.00800000038
0.00400000019 -0.0460000001  0.00800000038
0.00400000019 -0.0500000007  0.00800000038
0.00400000019 0.0500000007  0.00400000019
0.00400000019 0.0460000001  0.00400000019
0.00400000019 0.0419999994  0.00400000019
0.00400000019 0.0379999988  0.00400000019
0.00400000019 0.0340000018  0.00400000019
0.00400000019 0.0299999993  0.00400000019
0.00400000019 0.0260000005  0.00400000019
0.00400000019 0.0219999999  0.00400000019
0.00400000019 0.0179999992  0.00400000019
0.00400000019 0.0140000004  0.00400000019
0.00400000019 0.00999999978  0.00400000019
0.00400000019 0.00600000005  0.00400000019
0.00400000019 0.00200000009  0.00400000019
0.00400000019 -0.00200000009  0.00400000019
0.00400000019 -0.00600000005  0.00400000019
0.00400000019 -0.00999999978  0.00400000019
0.00400000019 -0.0140000004  0.00400000019
0.00400000019 -0.0179999992  0.00400000019
0.00400000019 -0.0219999999  0.00400000019
0.00400000019 -0.0260000005  0.00400000019
0.00400000019 -0.0299999993  0.00400000019
0.00400000019 -0.0340000018  0.00400000019
0.00400000019 -0.0379999988  0.00400000019
0.00400000019 -0.0419999994  0.00400000019
0.00400000019 -0.0460000001  0.00400000019
0.00400000019 -0.0500000007  0.00400000019
0.00400000019 0.0500000007            0.
0.00400000019 0.0460000001            0.
0.00400000019 0.0419999994            0.
0.00400000019 0.0379999988            0.
0.00400000019 0.0340000018            0.
0.00400000019 0.0299999993            0.
0.00400000019 0.0260000005            0.
0.00400000019 0.0219999999            0.
0.00400000019 0.0179999992            0.
0.00400000019 0.0140000004            0.
0.00400000019 0.00999999978            0.
0.00400000019 0.00600000005            0.
0.00400000019 0.00200000009            0.
0.00400000019 -0.00200000009            0.
0.00400000019 -0.00600000005            0.
0.00400000019 -0.00999999978            0.
0.00400000019 -0.0140000004            0.
0.00400000019 -0.0179999992            0.
0.00400000019 -0.0219999999            0.
0.00400000019 -0.0260000005            0.
0.00400000019 -0.0299999993            0.
0.00400000019 -0.0340000018            0.
0.00400000019 -0.0379999988            0.
0.00400000019 -0.0419999994            0.
0.00400000019 -0.0460000001            0.
0.00400000019 -0.0500000007            0.
          0. 0.0500000007  0.00800000038
          0. 0.0460000001  0.00800000038
          0. 0.0419999994  0.00800000038
          0. 0.0379999988  0.00800000038
          0. 0.0340000018  0.00800000038
          0. 0.0299999993  0.00800000038
          0. 0.0260000005  0.00800000038
          0. 0.0219999999  0.00800000038
          0. 0.0179999992  0.00800000038
          0. 0.0140000004  0.00800000038
          0. 0.00999999978  0.00800000038
          0. 0.00600000005  0.00800000038
          0. 0.00200000009  0.00800000038
          0. -0.00200000009  0.00800000038
          0. -0.00600000005  0.00800000038
          0. -0.00999999978  0.00800000038
          0. -0.0140000004  0.00800000038
          0. -0.0179999992  0.00800000038
          0. -0.0219999999  0.00800000038
          0. -0.0260000005  0.00800000038
          0. -0.0299999993  0.00800000038
          0. -0.0340000018  0.00800000038
          0. -0.0379999988  0.00800000038
          0. -0.0419999994  0.00800000038
          0. -0.0460000001  0.00800000038
          0. -0.0500000007  0.00800000038
          0. 0.0500000007  0.00400000019
          0. 0.0460000001  0.00400000019
          0. 0.0419999994  0.00400000019
          0. 0.0379999988  0.00400000019
          0. 0.0340000018  0.00400000019
          0. 0.0299999993  0.00400000019
          0. 0.0260000005  0.00400000019
          0. 0.0219999999  0.00400000019
          0. 0.0179999992  0.00400000019
          0. 0.0140000004  0.00400000019
          0. 0.00999999978  0.00400000019
          0. 0.00600000005  0.00400000019
          0. 0.00200000009  0.00400000019
          0. -0.00200000009  0.00400000019
          0. -0.00600000005  0.00400000019
          0. -0.00999999978  0.00400000019
          0. -0.0140000004  0.00400000019
          0. -0.0179999992  0.00400000019
          0. -0.0219999999  0.00400000019
          0. -0.0260000005  0.00400000019
          0. -0.0299999993  0.00400000019
          0. -0.0340000018  0.00400000019
          0. -0.0379999988  0.00400000019
          0. -0.0419999994  0.00400000019
          0. -0.0460000001  0.00400000019
          0. -0.0500000007  0.00400000019
          0. 0.0500000007            0.
          0. 0.0460000001            0.
          0. 0.0419999994            0.
          0. 0.0379999988            0.
          0. 0.0340000018            0.
          0. 0.0299999993            0.
          0. 0.0260000005            0.
          0. 0.0219999999            0.
          0. 0.0179999992            0.
          0. 0.0140000004            0.
          0. 0.00999999978            0.
          0. 0.00600000005            0.
          0. 0.00200000009            0.
          0. -0.00200000009            0.
          0. -0.00600000005            0.
          0. -0.00999999978            0.
          0. -0.0140000004            0.
          0. -0.0179999992            0.
          0. -0.0219999999            0.
          0. -0.0260000005            0.
          0. -0.0299999993            0.
          0. -0.0340000018            0.
          0. -0.0379999988            0.
          0. -0.0419999994            0.
          0. -0.0460000001            0.
          0. -0.0500000007            0.
-0.00400000019 0.0500000007  0.00800000038
-0.00400000019 0.0460000001  0.00800000038
-0.00400000019 0.0419999994  0.00800000038
-0.00400000019 0.0379999988  0.00800000038
-0.00400000019 0.0340000018  0.00800000038
-0.00400000019 0.0299999993  0.00800000038
-0.00400000019 0.0260000005  0.00800000038
-0.00400000019 0.0219999999  0.00800000038
-0.00400000019 0.0179999992  0.00800000038
-0.00400000019 0.0140000004  0.00800000038
-0.00400000019 0.00999999978  0.00800000038
-0.00400000019 0.00600000005  0.00800000038
-0.00400000019 0.00200000009  0.00800000038
-0.00400000019 -0.00200000009  0.00800000038
-0.00400000019 -0.00600000005  0.00800000038
-0.00400000019 -0.00999999978  0.00800000038
-0.00400000019 -0.0140000004  0.00800000038
-0.00400000019 -0.0179999992  0.00800000038
-0.00400000019 -0.0219999999  0.00800000038
-0.00400000019 -0.0260000005  0.00800000038
-0.00400000019 -0.0299999993  0.00800000038
-0.00400000019 -0.0340000018  0.00800000038
-0.00400000019 -0.0379999988  0.00800000038
-0.00400000019 -0.0419999994  0.00800000038
-0.00400000019 -0.0460000001  0.00800000038
-0.00400000019 -0.0500000007  0.00800000038
-0.00400000019 0.0500000007  0.00400000019
-0.00400000019 0.0460000001  0.00400000019
-0.00400000019 0.0419999994  0.00400000019
-0.00400000019 0.0379999988  0.00400000019
-0.00400000019 0.0340000018  0.00400000019
-0.00400000019 0.0299999993  0.00400000019
-0.00400000019 0.0260000005  0.00400000019
-0.00400000019 0.0219999999  0.00400000019
-0.00400000019 0.0179999992  0.00400000019
-0.00400000019 0.0140000004  0.00400000019
-0.00400000019 0.00999999978  0.00400000019
-0.00400000019 0.00600000005  0.00400000019
-0.00400000019 0.00200000009  0.00400000019
-0.00400000019 -0.00200000009  0.00400000019
-0.00400000019 -0.00600000005  0.00400000019
-0.00400000019 -0.00999999978  0.00400000019
-0.00400000019 -0.0140000004  0.00400000019
-0.00400000019 -0.0179999992  0.00400000019
-0.00400000019 -0.0219999999  0.00400000019
-0.00400000019 -0.0260000005  0.00400000019
-0.00400000019 -0.0299999993  0.00400000019
-0.00400000019 -0.0340000018  0.00400000019
-0.00400000019 -0.0379999988  0.00400000019
-0.00400000019 -0.0419999994  0.00400000019
-0.00400000019 -0.0460000001  0.00400000019
-0.00400000019 -0.0500000007  0.00400000019
-0.00400000019 0.0500000007            0.
-0.00400000019 0.0460000001            0.
-0.00400000019 0.0419999994            0.
-0.00400000019 0.0379999988            0.
-0.00400000019 0.0340000018            0.
-0.00400000019 0.0299999993            0.
-0.00400000019 0.0260000005            0.
-0.00400000019 0.0219999999            0.
-0.00400000019 0.0179999992            0.
-0.00400000019 0.0140000004            0.
-0.00400000019 0.00999999978            0.
-0.00400000019 0.00600000005            0.
-0.00400000019 0.00200000009            0.
-0.00400000019 -0.00200000009            0.
-0.00400000019 -0.00600000005            0.
-0.00400000019 -0.00999999978            0.
-0.00400000019 -0.0140000004            0.
-0.00400000019 -0.0179999992            0.
-0.00400000019 -0.0219999999            0.
-0.00400000019 -0.0260000005            0.
-0.00400000019 -0.0299999993            0.
-0.00400000019 -0.0340000018            0.
-0.00400000019 -0.0379999988            0.
-0.00400000019 -0.0419999994            0.
-0.00400000019 -0.0460000001            0.
-0.00400000019 -0.0500000007            0.
-0.00800000038 0.0500000007  0.00800000038
-0.00800000038 0.0460000001  0.00800000038
-0.00800000038 0.0419999994  0.00800000038
-0.00800000038 0.0379999988  0.00800000038
-0.00800000038 0.0340000018  0.00800000038
-0.00800000038 0.0299999993  0.00800000038
-0.00800000038 0.0260000005  0.00800000038
-0.00800000038 0.0219999999  0.00800000038
-0.00800000038 0.0179999992  0.00800000038
-0.00800000038 0.0140000004  0.00800000038
-0.00800000038 0.00999999978  0.00800000038
-0.00800000038 0.00600000005  0.00800000038
-0.00800000038 0.00200000009  0.00800000038
-0.00800000038 -0.00200000009  0.00800000038
-0.00800000038 -0.00600000005  0.00800000038
-0.00800000038 -0.00999999978  0.00800000038
-0.00800000038 -0.0140000004  0.00800000038
-0.00800000038 -0.0179999992  0.00800000038
-0.00800000038 -0.0219999999  0.00800000038
-0.00800000038 -0.0260000005  0.00800000038
-0.00800000038 -0.0299999993  0.00800000038
-0.00800000038 -0.0340000018  0.00800000038
-0.00800000038 -0.0379999988  0.00800000038
-0.00800000038 -0.0419999994  0.00800000038
-0.00800000038 -0.0460000001  0.00800000038
-0.00800000038 -0.0500000007  0.00800000038
-0.00800000038 0.0500000007  0.00400000019
-0.00800000038 0.0460000001  0.00400000019
-0.00800000038 0.0419999994  0.00400000019
-0.00800000038 0.0379999988  0.00400000019
-0.00800000038 0.0340000018  0.00400000019
-0.00800000038 0.0299999993  0.00400000019
-0.00800000038 0.0260000005  0.00400000019
-0.00800000038 0.0219999999  0.00400000019
-0.00800000038 0.0179999992  0.00400000019
-0.00800000038 0.0140000004  0.00400000019
-0.00800000038 0.00999999978  0.00400000019
-0.00800000038 0.00600000005  0.00400000019
-0.00800000038 0.00200000009  0.00400000019
-0.00800000038 -0.00200000009  0.00400000019
-0.00800000038 -0.00600000005  0.00400000019
-0.00800000038 -0.00999999978  0.00400000019
-0.00800000038 -0.0140000004  0.00400000019
-0.00800000038 -0.0179999992  0.00400000019
-0.00800000038 -0.0219999999  0.00400000019
-0.00800000038 -0.0260000005  0.00400000019
-0.00800000038 -0.0299999993  0.00400000019
-0.00800000038 -0.0340000018  0.00400000019
-0.00800000038 -0.0379999988  0.00400000019
-0.00800000038 -0.0419999994  0.00400000019
-0.00800000038 -0.0460000001  0.00400000019
-0.00800000038 -0.0500000007  0.00400000019
-0.00800000038 0.0500000007            0.
-0.00800000038 0.0460000001            0.
-0.00800000038 0.0419999994            0.
-0.00800000038 0.0379999988            0.
-0.00800000038 0.0340000018            0.
-0.00800000038 0.0299999993            0.
-0.00800000038 0.0260000005            0.
-0.00800000038 0.0219999999            0.
-0.00800000038 0.0179999992            0.
-0.00800000038 0.0140000004            0.
-0.00800000038 0.00999999978            0.
-0.00800000038 0.00600000005            0.
-0.00800000038 0.00200000009            0.
-0.00800000038 -0.00200000009            0.
-0.00800000038 -0.00600000005            0.
-0.00800000038 -0.00999999978            0.
-0.00800000038 -0.0140000004            0.
-0.00800000038 -0.0179999992            0.
-0.00800000038 -0.0219999999            0.
-0.00800000038 -0.0260000005            0.
-0.00800000038 -0.0299999993            0.
-0.00800000038 -0.0340000018            0.
-0.00800000038 -0.0379999988            0.
-0.00800000038 -0.0419999994            0.
-0.00800000038 -0.0460000001            0.
-0.00800000038 -0.0500000007            0.
-0.0120000001 0.0500000007  0.00800000038
-0.0120000001 0.0460000001  0.00800000038
-0.0120000001 0.0419999994  0.00800000038
-0.0120000001 0.0379999988  0.00800000038
-0.0120000001 0.0340000018  0.00800000038
-0.0120000001 0.0299999993  0.00800000038
-0.0120000001 0.0260000005  0.00800000038
-0.0120000001 0.0219999999  0.00800000038
-0.0120000001 0.0179999992  0.00800000038
-0.0120000001 0.0140000004  0.00800000038
-0.0120000001 0.00999999978  0.00800000038
-0.0120000001 0.00600000005  0.00800000038
-0.0120000001 0.00200000009  0.00800000038
-0.0120000001 -0.00200000009  0.00800000038
-0.0120000001 -0.00600000005  0.00800000038
-0.0120000001 -0.00999999978  0.00800000038
-0.0120000001 -0.0140000004  0.00800000038
-0.0120000001 -0.0179999992  0.00800000038
-0.0120000001 -0.0219999999  0.00800000038
-0.0120000001 -0.0260000005  0.00800000038
-0.0120000001 -0.0299999993  0.00800000038
-0.0120000001 -0.0340000018  0.00800000038
-0.0120000001 -0.0379999988  0.00800000038
-0.0120000001 -0.0419999994  0.00800000038
-0.0120000001 -0.0460000001  0.00800000038
-0.0120000001 -0.0500000007  0.00800000038
-0.0120000001 0.0500000007  0.00400000019
-0.0120000001 0.0460000001  0.00400000019
-0.0120000001 0.0419999994  0.00400000019
-0.0120000001 0.0379999988  0.00400000019
-0.0120000001 0.0340000018  0.00400000019
-0.0120000001 0.0299999993  0.00400000019
-0.0120000001 0.0260000005  0.00400000019
-0.0120000001 0.0219999999  0.00400000019
-0.0120000001 0.0179999992  0.00400000019
-0.0120000001 0.0140000004  0.00400000019
-0.0120000001 0.00999999978  0.00400000019
-0.0120000001 0.00600000005  0.00400000019
-0.0120000001 0.00200000009  0.00400000019
-0.0120000001 -0.00200000009  0.00400000019
-0.0120000001 -0.00600000005  0.00400000019
-0.0120000001 -0.00999999978  0.00400000019
-0.0120000001 -0.0140000004  0.00400000019
-0.0120000001 -0.0179999992  0.00400000019
-0.0120000001 -0.0219999999  0.00400000019
-0.0120000001 -0.0260000005  0.00400000019
-0.0120000001 -0.0299999993  0.00400000019
-0.0120000001 -0.0340000018  0.00400000019
-0.0120000001 -0.0379999988  0.00400000019
-0.0120000001 -0.0419999994  0.00400000019
-0.0120000001 -0.0460000001  0.00400000019
-0.0120000001 -0.0500000007  0.00400000019
-0.0120000001 0.0500000007            0.
-0.0120000001 0.0460000001            0.
-0.0120000001 0.0419999994            0.
-0.0120000001 0.0379999988            0.
-0.0120000001 0.0340000018            0.
-0.0120000001 0.0299999993            0.
-0.0120000001 0.0260000005            0.
-0.0120000001 0.0219999999            0.
-0.0120000001 0.0179999992            0.
-0.0120000001 0.0140000004            0.
-0.0120000001 0.00999999978            0.
-0.0120000001 0.00600000005            0.
-0.0120000001 0.00200000009            0.
-0.0120000001 -0.00200000009            0.
-0.0120000001 -0.00600000005            0.
-0.0120000001 -0.00999999978            0.
-0.0120000001 -0.0140000004            0.
-0.0120000001 -0.0179999992            0.
-0.0120000001 -0.0219999999            0.
-0.0120000001 -0.0260000005            0.
-0.0120000001 -0.0299999993            0.
-0.0120000001 -0.0340000018            0.
-0.0120000001 -0.0379999988            0.
-0.0120000001 -0.0419999994            0.
-0.0120000001 -0.0460000001            0.
-0.0120000001 -0.0500000007            0.
-0.0160000008 0.0500000007  0.00800000038
-0.0160000008 0.0460000001  0.00800000038
-0.0160000008 0.0419999994  0.00800000038
-0.0160000008 0.0379999988  0.00800000038
-0.0160000008 0.0340000018  0.00800000038
-0.0160000008 0.0299999993  0.00800000038
-0.0160000008 0.0260000005  0.00800000038
-0.0160000008 0.0219999999  0.00800000038
-0.0160000008 0.0179999992  0.00800000038
-0.0160000008 0.0140000004  0.00800000038
-0.0160000008 0.00999999978  0.00800000038
-0.0160000008 0.00600000005  0.00800000038
-0.0160000008 0.00200000009  0.00800000038
-0.0160000008 -0.00200000009  0.00800000038
-0.0160000008 -0.00600000005  0.00800000038
-0.0160000008 -0.00999999978  0.00800000038
-0.0160000008 -0.0140000004  0.00800000038
-0.0160000008 -0.0179999992  0.00800000038
-0.0160000008 -0.0219999999  0.00800000038
-0.0160000008 -0.0260000005  0.00800000038
-0.0160000008 -0.0299999993  0.00800000038
-0.0160000008 -0.0340000018  0.00800000038
-0.0160000008 -0.0379999988  0.00800000038
-0.0160000008 -0.0419999994  0.00800000038
-0.0160000008 -0.0460000001  0.00800000038
-0.0160000008 -0.0500000007  0.00800000038
-0.0160000008 0.0500000007  0.00400000019
-0.0160000008 0.0460000001  0.00400000019
-0.0160000008 0.0419999994  0.00400000019
-0.0160000008 0.0379999988  0.00400000019
-0.0160000008 0.0340000018  0.00400000019
-0.0160000008 0.0299999993  0.00400000019
-0.0160000008 0.0260000005  0.00400000019
-0.0160000008 0.0219999999  0.00400000019
-0.0160000008 0.0179999992  0.00400000019
-0.0160000008 0.0140000004  0.00400000019
-0.0160000008 0.00999999978  0.00400000019
-0.0160000008 0.00600000005  0.00400000019
-0.0160000008 0.00200000009  0.00400000019
-0.0160000008 -0.00200000009  0.00400000019
-0.0160000008 -0.00600000005  0.00400000019
-0.0160000008 -0.00999999978  0.00400000019
-0.0160000008 -0.0140000004  0.00400000019
-0.0160000008 -0.0179999992  0.00400000019
-0.0160000008 -0.0219999999  0.00400000019
-0.0160000008 -0.0260000005  0.00400000019
-0.0160000008 -0.0299999993  0.00400000019
-0.0160000008 -0.0340000018  0.00400000019
-0.0160000008 -0.0379999988  0.00400000019
-0.0160000008 -0.0419999994  0.00400000019
-0.0160000008 -0.0460000001  0.00400000019
-0.0160000008 -0.0500000007  0.00400000019
-0.0160000008 0.0500000007            0.
-0.0160000008 0.0460000001            0.
-0.0160000008 0.0419999994            0.
-0.0160000008 0.0379999988            0.
-0.0160000008 0.0340000018            0.
-0.0160000008 0.0299999993            0.
-0.0160000008 0.0260000005            0.
-0.0160000008 0.0219999999            0.
-0.0160000008 0.0179999992            0.
-0.0160000008 0.0140000004            0.
-0.0160000008 0.00999999978            0.
-0.0160000008 0.00600000005            0.
-0.0160000008 0.00200000009            0.
-0.0160000008 -0.00200000009            0.
-0.0160000008 -0.00600000005            0.
-0.0160000008 -0.00999999978            0.
-0.0160000008 -0.0140000004            0.
-0.0160000008 -0.0179999992            0.
-0.0160000008 -0.0219999999            0.
-0.0160000008 -0.0260000005            0.
-0.0160000008 -0.0299999993            0.
-0.0160000008 -0.0340000018            0.
-0.0160000008 -0.0379999988            0.
-0.0160000008 -0.0419999994            0.
-0.0160000008 -0.0460000001            0.
-0.0160000008 -0.0500000007            0.
-0.0199999996 0.0500000007  0.00800000038
-0.0199999996 0.0460000001  0.00800000038
-0.0199999996 0.0419999994  0.00800000038
-0.0199999996 0.0379999988  0.00800000038
-0.0199999996 0.0340000018  0.00800000038
-0.0199999996 0.0299999993  0.00800000038
-0.0199999996 0.0260000005  0.00800000038
-0.0199999996 0.0219999999  0.00800000038
-0.0199999996 0.0179999992  0.00800000038
-0.0199999996 0.0140000004  0.00800000038
-0.0199999996 0.00999999978  0.00800000038
-0.0199999996 0.00600000005  0.00800000038
-0.0199999996 0.00200000009  0.00800000038
-0.0199999996 -0.00200000009  0.00800000038
-0.0199999996 -0.00600000005  0.00800000038
-0.0199999996 -0.00999999978  0.00800000038
-0.0199999996 -0.0140000004  0.00800000038
-0.0199999996 -0.0179999992  0.00800000038
-0.0199999996 -0.0219999999  0.00800000038
-0.0199999996 -0.0260000005  0.00800000038
-0.0199999996 -0.0299999993  0.00800000038
-0.0199999996 -0.0340000018  0.00800000038
-0.0199999996 -0.0379999988  0.00800000038
-0.0199999996 -0.0419999994  0.00800000038
-0.0199999996 -0.0460000001  0.00800000038
-0.0199999996 -0.0500000007  0.00800000038
-0.0199999996 0.0500000007  0.00400000019
-0.0199999996 0.0460000001  0.00400000019
-0.0199999996 0.0419999994  0.00400000019
-0.0199999996 0.0379999988  0.00400000019
-0.0199999996 0.0340000018  0.00400000019
-0.0199999996 0.0299999993  0.00400000019
-0.0199999996 0.0260000005  0.00400000019
-0.0199999996 0.0219999999  0.00400000019
-0.0199999996 0.0179999992  0.00400000019
-0.0199999996 0.0140000004  0.00400000019
-0.0199999996 0.00999999978  0.00400000019
-0.0199999996 0.00600000005  0.00400000019
-0.0199999996 0.00200000009  0.00400000019
-0.0199999996 -0.00200000009  0.00400000019
-0.0199999996 -0.00600000005  0.00400000019
-0.0199999996 -0.00999999978  0.00400000019
-0.0199999996 -0.0140000004  0.00400000019
-0.0199999996 -0.0179999992  0.00400000019
-0.0199999996 -0.0219999999  0.00400000019
-0.0199999996 -0.0260000005  0.00400000019
-0.0199999996 -0.0299999993  0.00400000019
-0.0199999996 -0.0340000018  0.00400000019
-0.0199999996 -0.0379999988  0.00400000019
-0.0199999996 -0.0419999994  0.00400000019
-0.0199999996 -0.0460000001  0.00400000019
-0.0199999996 -0.0500000007  0.00400000019
-0.0199999996 0.0500000007            0.
-0.0199999996 0.0460000001            0.
-0.0199999996 0.0419999994            0.
-0.0199999996 0.0379999988            0.
-0.0199999996 0.0340000018            0.
-0.0199999996 0.0299999993            0.
-0.0199999996 0.0260000005            0.
-0.0199999996 0.0219999999            0.
-0.0199999996 0.0179999992            0.
-0.0199999996 0.0140000004            0.
-0.0199999996 0.00999999978            0.
-0.0199999996 0.00600000005            0.
-0.0199999996 0.00200000009            0.
-0.0199999996 -0.00200000009            0.
-0.0199999996 -0.00600000005            0.
-0.0199999996 -0.00999999978            0.
-0.0199999996 -0.0140000004            0.
-0.0199999996 -0.0179999992            0.
-0.0199999996 -0.0219999999            0.
-0.0199999996 -0.0260000005            0.
-0.0199999996 -0.0299999993            0.
-0.0199999996 -0.0340000018            0.
-0.0199999996 -0.0379999988            0.
-0.0199999996 -0.0419999994            0.
-0.0199999996 -0.0460000001            0.
-0.0199999996 -0.0500000007            0.
