 46  47  52  51   1   2   7   6
 47  48  53  52   2   3   8   7
 48  49  54  53   3   4   9   8
 49  50  55  54   4   5  10   9
 51  52  57  56   6   7  12  11
 52  53  58  57   7   8  13  12
 53  54  59  58   8   9  14  13
 54  55  60  59   9  10  15  14
 56  57  62  61  11  12  17  16
 57  58  63  62  12  13  18  17
 58  59  64  63  13  14  19  18
 59  60  65  64  14  15  20  19
 61  62  67  66  16  17  22  21
 62  63  68  67  17  18  23  22
 63  64  69  68  18  19  24  23
 64  65  70  69  19  20  25  24
 66  67  72  71  21  22  27  26
 67  68  73  72  22  23  28  27
 68  69  74  73  23  24  29  28
 69  70  75  74  24  25  30  29
 71  72  77  76  26  27  32  31
 72  73  78  77  27  28  33  32
 73  74  79  78  28  29  34  33
 74  75  80  79  29  30  35  34
 76  77  82  81  31  32  37  36
 77  78  83  82  32  33  38  37
 78  79  84  83  33  34  39  38
 79  80  85  84  34  35  40  39
 81  82  87  86  36  37  42  41
 82  83  88  87  37  38  43  42
 83  84  89  88  38  39  44  43
 84  85  90  89  39  40  45  44
 91  92  97  96  46  47  52  51
 92  93  98  97  47  48  53  52
 93  94  99  98  48  49  54  53
 94  95 100  99  49  50  55  54
 96  97 102 101  51  52  57  56
 97  98 103 102  52  53  58  57
 98  99 104 103  53  54  59  58
 99 100 105 104  54  55  60  59
101 102 107 106  56  57  62  61
102 103 108 107  57  58  63  62
103 104 109 108  58  59  64  63
104 105 110 109  59  60  65  64
106 107 112 111  61  62  67  66
107 108 113 112  62  63  68  67
108 109 114 113  63  64  69  68
109 110 115 114  64  65  70  69
111 112 117 116  66  67  72  71
112 113 118 117  67  68  73  72
113 114 119 118  68  69  74  73
114 115 120 119  69  70  75  74
116 117 122 121  71  72  77  76
117 118 123 122  72  73  78  77
118 119 124 123  73  74  79  78
119 120 125 124  74  75  80  79
121 122 127 126  76  77  82  81
122 123 128 127  77  78  83  82
123 124 129 128  78  79  84  83
124 125 130 129  79  80  85  84
126 127 132 131  81  82  87  86
127 128 133 132  82  83  88  87
128 129 134 133  83  84  89  88
129 130 135 134  84  85  90  89
136 137 142 141  91  92  97  96
137 138 143 142  92  93  98  97
138 139 144 143  93  94  99  98
139 140 145 144  94  95 100  99
141 142 147 146  96  97 102 101
142 143 148 147  97  98 103 102
143 144 149 148  98  99 104 103
144 145 150 149  99 100 105 104
146 147 152 151 101 102 107 106
147 148 153 152 102 103 108 107
148 149 154 153 103 104 109 108
149 150 155 154 104 105 110 109
151 152 157 156 106 107 112 111
152 153 158 157 107 108 113 112
153 154 159 158 108 109 114 113
154 155 160 159 109 110 115 114
156 157 162 161 111 112 117 116
157 158 163 162 112 113 118 117
158 159 164 163 113 114 119 118
159 160 165 164 114 115 120 119
161 162 167 166 116 117 122 121
162 163 168 167 117 118 123 122
163 164 169 168 118 119 124 123
164 165 170 169 119 120 125 124
166 167 172 171 121 122 127 126
167 168 173 172 122 123 128 127
168 169 174 173 123 124 129 128
169 170 175 174 124 125 130 129
171 172 177 176 126 127 132 131
172 173 178 177 127 128 133 132
173 174 179 178 128 129 134 133
174 175 180 179 129 130 135 134
181 182 187 186 136 137 142 141
182 183 188 187 137 138 143 142
183 184 189 188 138 139 144 143
184 185 190 189 139 140 145 144
186 187 192 191 141 142 147 146
187 188 193 192 142 143 148 147
188 189 194 193 143 144 149 148
189 190 195 194 144 145 150 149
191 192 197 196 146 147 152 151
192 193 198 197 147 148 153 152
193 194 199 198 148 149 154 153
194 195 200 199 149 150 155 154
196 197 202 201 151 152 157 156
197 198 203 202 152 153 158 157
198 199 204 203 153 154 159 158
199 200 205 204 154 155 160 159
201 202 207 206 156 157 162 161
202 203 208 207 157 158 163 162
203 204 209 208 158 159 164 163
204 205 210 209 159 160 165 164
206 207 212 211 161 162 167 166
207 208 213 212 162 163 168 167
208 209 214 213 163 164 169 168
209 210 215 214 164 165 170 169
211 212 217 216 166 167 172 171
212 213 218 217 167 168 173 172
213 214 219 218 168 169 174 173
214 215 220 219 169 170 175 174
216 217 222 221 171 172 177 176
217 218 223 222 172 173 178 177
218 219 224 223 173 174 179 178
219 220 225 224 174 175 180 179
