  232  233  244  243    1    2   13   12
  233  234  245  244    2    3   14   13
  234  235  246  245    3    4   15   14
  235  236  247  246    4    5   16   15
  236  237  248  247    5    6   17   16
  237  238  249  248    6    7   18   17
  238  239  250  249    7    8   19   18
  239  240  251  250    8    9   20   19
  240  241  252  251    9   10   21   20
  241  242  253  252   10   11   22   21
  243  244  255  254   12   13   24   23
  244  245  256  255   13   14   25   24
  245  246  257  256   14   15   26   25
  246  247  258  257   15   16   27   26
  247  248  259  258   16   17   28   27
  248  249  260  259   17   18   29   28
  249  250  261  260   18   19   30   29
  250  251  262  261   19   20   31   30
  251  252  263  262   20   21   32   31
  252  253  264  263   21   22   33   32
  254  255  266  265   23   24   35   34
  255  256  267  266   24   25   36   35
  256  257  268  267   25   26   37   36
  257  258  269  268   26   27   38   37
  258  259  270  269   27   28   39   38
  259  260  271  270   28   29   40   39
  260  261  272  271   29   30   41   40
  261  262  273  272   30   31   42   41
  262  263  274  273   31   32   43   42
  263  264  275  274   32   33   44   43
  265  266  277  276   34   35   46   45
  266  267  278  277   35   36   47   46
  267  268  279  278   36   37   48   47
  268  269  280  279   37   38   49   48
  269  270  281  280   38   39   50   49
  270  271  282  281   39   40   51   50
  271  272  283  282   40   41   52   51
  272  273  284  283   41   42   53   52
  273  274  285  284   42   43   54   53
  274  275  286  285   43   44   55   54
  276  277  288  287   45   46   57   56
  277  278  289  288   46   47   58   57
  278  279  290  289   47   48   59   58
  279  280  291  290   48   49   60   59
  280  281  292  291   49   50   61   60
  281  282  293  292   50   51   62   61
  282  283  294  293   51   52   63   62
  283  284  295  294   52   53   64   63
  284  285  296  295   53   54   65   64
  285  286  297  296   54   55   66   65
  287  288  299  298   56   57   68   67
  288  289  300  299   57   58   69   68
  289  290  301  300   58   59   70   69
  290  291  302  301   59   60   71   70
  291  292  303  302   60   61   72   71
  292  293  304  303   61   62   73   72
  293  294  305  304   62   63   74   73
  294  295  306  305   63   64   75   74
  295  296  307  306   64   65   76   75
  296  297  308  307   65   66   77   76
  298  299  310  309   67   68   79   78
  299  300  311  310   68   69   80   79
  300  301  312  311   69   70   81   80
  301  302  313  312   70   71   82   81
  302  303  314  313   71   72   83   82
  303  304  315  314   72   73   84   83
  304  305  316  315   73   74   85   84
  305  306  317  316   74   75   86   85
  306  307  318  317   75   76   87   86
  307  308  319  318   76   77   88   87
  309  310  321  320   78   79   90   89
  310  311  322  321   79   80   91   90
  311  312  323  322   80   81   92   91
  312  313  324  323   81   82   93   92
  313  314  325  324   82   83   94   93
  314  315  326  325   83   84   95   94
  315  316  327  326   84   85   96   95
  316  317  328  327   85   86   97   96
  317  318  329  328   86   87   98   97
  318  319  330  329   87   88   99   98
  320  321  332  331   89   90  101  100
  321  322  333  332   90   91  102  101
  322  323  334  333   91   92  103  102
  323  324  335  334   92   93  104  103
  324  325  336  335   93   94  105  104
  325  326  337  336   94   95  106  105
  326  327  338  337   95   96  107  106
  327  328  339  338   96   97  108  107
  328  329  340  339   97   98  109  108
  329  330  341  340   98   99  110  109
  331  332  343  342  100  101  112  111
  332  333  344  343  101  102  113  112
  333  334  345  344  102  103  114  113
  334  335  346  345  103  104  115  114
  335  336  347  346  104  105  116  115
  336  337  348  347  105  106  117  116
  337  338  349  348  106  107  118  117
  338  339  350  349  107  108  119  118
  339  340  351  350  108  109  120  119
  340  341  352  351  109  110  121  120
  342  343  354  353  111  112  123  122
  343  344  355  354  112  113  124  123
  344  345  356  355  113  114  125  124
  345  346  357  356  114  115  126  125
  346  347  358  357  115  116  127  126
  347  348  359  358  116  117  128  127
  348  349  360  359  117  118  129  128
  349  350  361  360  118  119  130  129
  350  351  362  361  119  120  131  130
  351  352  363  362  120  121  132  131
  353  354  365  364  122  123  134  133
  354  355  366  365  123  124  135  134
  355  356  367  366  124  125  136  135
  356  357  368  367  125  126  137  136
  357  358  369  368  126  127  138  137
  358  359  370  369  127  128  139  138
  359  360  371  370  128  129  140  139
  360  361  372  371  129  130  141  140
  361  362  373  372  130  131  142  141
  362  363  374  373  131  132  143  142
  364  365  376  375  133  134  145  144
  365  366  377  376  134  135  146  145
  366  367  378  377  135  136  147  146
  367  368  379  378  136  137  148  147
  368  369  380  379  137  138  149  148
  369  370  381  380  138  139  150  149
  370  371  382  381  139  140  151  150
  371  372  383  382  140  141  152  151
  372  373  384  383  141  142  153  152
  373  374  385  384  142  143  154  153
  375  376  387  386  144  145  156  155
  376  377  388  387  145  146  157  156
  377  378  389  388  146  147  158  157
  378  379  390  389  147  148  159  158
  379  380  391  390  148  149  160  159
  380  381  392  391  149  150  161  160
  381  382  393  392  150  151  162  161
  382  383  394  393  151  152  163  162
  383  384  395  394  152  153  164  163
  384  385  396  395  153  154  165  164
  386  387  398  397  155  156  167  166
  387  388  399  398  156  157  168  167
  388  389  400  399  157  158  169  168
  389  390  401  400  158  159  170  169
  390  391  402  401  159  160  171  170
  391  392  403  402  160  161  172  171
  392  393  404  403  161  162  173  172
  393  394  405  404  162  163  174  173
  394  395  406  405  163  164  175  174
  395  396  407  406  164  165  176  175
  397  398  409  408  166  167  178  177
  398  399  410  409  167  168  179  178
  399  400  411  410  168  169  180  179
  400  401  412  411  169  170  181  180
  401  402  413  412  170  171  182  181
  402  403  414  413  171  172  183  182
  403  404  415  414  172  173  184  183
  404  405  416  415  173  174  185  184
  405  406  417  416  174  175  186  185
  406  407  418  417  175  176  187  186
  408  409  420  419  177  178  189  188
  409  410  421  420  178  179  190  189
  410  411  422  421  179  180  191  190
  411  412  423  422  180  181  192  191
  412  413  424  423  181  182  193  192
  413  414  425  424  182  183  194  193
  414  415  426  425  183  184  195  194
  415  416  427  426  184  185  196  195
  416  417  428  427  185  186  197  196
  417  418  429  428  186  187  198  197
  419  420  431  430  188  189  200  199
  420  421  432  431  189  190  201  200
  421  422  433  432  190  191  202  201
  422  423  434  433  191  192  203  202
  423  424  435  434  192  193  204  203
  424  425  436  435  193  194  205  204
  425  426  437  436  194  195  206  205
  426  427  438  437  195  196  207  206
  427  428  439  438  196  197  208  207
  428  429  440  439  197  198  209  208
  430  431  442  441  199  200  211  210
  431  432  443  442  200  201  212  211
  432  433  444  443  201  202  213  212
  433  434  445  444  202  203  214  213
  434  435  446  445  203  204  215  214
  435  436  447  446  204  205  216  215
  436  437  448  447  205  206  217  216
  437  438  449  448  206  207  218  217
  438  439  450  449  207  208  219  218
  439  440  451  450  208  209  220  219
  441  442  453  452  210  211  222  221
  442  443  454  453  211  212  223  222
  443  444  455  454  212  213  224  223
  444  445  456  455  213  214  225  224
  445  446  457  456  214  215  226  225
  446  447  458  457  215  216  227  226
  447  448  459  458  216  217  228  227
  448  449  460  459  217  218  229  228
  449  450  461  460  218  219  230  229
  450  451  462  461  219  220  231  230
  463  464  475  474  232  233  244  243
  464  465  476  475  233  234  245  244
  465  466  477  476  234  235  246  245
  466  467  478  477  235  236  247  246
  467  468  479  478  236  237  248  247
  468  469  480  479  237  238  249  248
  469  470  481  480  238  239  250  249
  470  471  482  481  239  240  251  250
  471  472  483  482  240  241  252  251
  472  473  484  483  241  242  253  252
  474  475  486  485  243  244  255  254
  475  476  487  486  244  245  256  255
  476  477  488  487  245  246  257  256
  477  478  489  488  246  247  258  257
  478  479  490  489  247  248  259  258
  479  480  491  490  248  249  260  259
  480  481  492  491  249  250  261  260
  481  482  493  492  250  251  262  261
  482  483  494  493  251  252  263  262
  483  484  495  494  252  253  264  263
  485  486  497  496  254  255  266  265
  486  487  498  497  255  256  267  266
  487  488  499  498  256  257  268  267
  488  489  500  499  257  258  269  268
  489  490  501  500  258  259  270  269
  490  491  502  501  259  260  271  270
  491  492  503  502  260  261  272  271
  492  493  504  503  261  262  273  272
  493  494  505  504  262  263  274  273
  494  495  506  505  263  264  275  274
  496  497  508  507  265  266  277  276
  497  498  509  508  266  267  278  277
  498  499  510  509  267  268  279  278
  499  500  511  510  268  269  280  279
  500  501  512  511  269  270  281  280
  501  502  513  512  270  271  282  281
  502  503  514  513  271  272  283  282
  503  504  515  514  272  273  284  283
  504  505  516  515  273  274  285  284
  505  506  517  516  274  275  286  285
  507  508  519  518  276  277  288  287
  508  509  520  519  277  278  289  288
  509  510  521  520  278  279  290  289
  510  511  522  521  279  280  291  290
  511  512  523  522  280  281  292  291
  512  513  524  523  281  282  293  292
  513  514  525  524  282  283  294  293
  514  515  526  525  283  284  295  294
  515  516  527  526  284  285  296  295
  516  517  528  527  285  286  297  296
  518  519  530  529  287  288  299  298
  519  520  531  530  288  289  300  299
  520  521  532  531  289  290  301  300
  521  522  533  532  290  291  302  301
  522  523  534  533  291  292  303  302
  523  524  535  534  292  293  304  303
  524  525  536  535  293  294  305  304
  525  526  537  536  294  295  306  305
  526  527  538  537  295  296  307  306
  527  528  539  538  296  297  308  307
  529  530  541  540  298  299  310  309
  530  531  542  541  299  300  311  310
  531  532  543  542  300  301  312  311
  532  533  544  543  301  302  313  312
  533  534  545  544  302  303  314  313
  534  535  546  545  303  304  315  314
  535  536  547  546  304  305  316  315
  536  537  548  547  305  306  317  316
  537  538  549  548  306  307  318  317
  538  539  550  549  307  308  319  318
  540  541  552  551  309  310  321  320
  541  542  553  552  310  311  322  321
  542  543  554  553  311  312  323  322
  543  544  555  554  312  313  324  323
  544  545  556  555  313  314  325  324
  545  546  557  556  314  315  326  325
  546  547  558  557  315  316  327  326
  547  548  559  558  316  317  328  327
  548  549  560  559  317  318  329  328
  549  550  561  560  318  319  330  329
  551  552  563  562  320  321  332  331
  552  553  564  563  321  322  333  332
  553  554  565  564  322  323  334  333
  554  555  566  565  323  324  335  334
  555  556  567  566  324  325  336  335
  556  557  568  567  325  326  337  336
  557  558  569  568  326  327  338  337
  558  559  570  569  327  328  339  338
  559  560  571  570  328  329  340  339
  560  561  572  571  329  330  341  340
  562  563  574  573  331  332  343  342
  563  564  575  574  332  333  344  343
  564  565  576  575  333  334  345  344
  565  566  577  576  334  335  346  345
  566  567  578  577  335  336  347  346
  567  568  579  578  336  337  348  347
  568  569  580  579  337  338  349  348
  569  570  581  580  338  339  350  349
  570  571  582  581  339  340  351  350
  571  572  583  582  340  341  352  351
  573  574  585  584  342  343  354  353
  574  575  586  585  343  344  355  354
  575  576  587  586  344  345  356  355
  576  577  588  587  345  346  357  356
  577  578  589  588  346  347  358  357
  578  579  590  589  347  348  359  358
  579  580  591  590  348  349  360  359
  580  581  592  591  349  350  361  360
  581  582  593  592  350  351  362  361
  582  583  594  593  351  352  363  362
  584  585  596  595  353  354  365  364
  585  586  597  596  354  355  366  365
  586  587  598  597  355  356  367  366
  587  588  599  598  356  357  368  367
  588  589  600  599  357  358  369  368
  589  590  601  600  358  359  370  369
  590  591  602  601  359  360  371  370
  591  592  603  602  360  361  372  371
  592  593  604  603  361  362  373  372
  593  594  605  604  362  363  374  373
  595  596  607  606  364  365  376  375
  596  597  608  607  365  366  377  376
  597  598  609  608  366  367  378  377
  598  599  610  609  367  368  379  378
  599  600  611  610  368  369  380  379
  600  601  612  611  369  370  381  380
  601  602  613  612  370  371  382  381
  602  603  614  613  371  372  383  382
  603  604  615  614  372  373  384  383
  604  605  616  615  373  374  385  384
  606  607  618  617  375  376  387  386
  607  608  619  618  376  377  388  387
  608  609  620  619  377  378  389  388
  609  610  621  620  378  379  390  389
  610  611  622  621  379  380  391  390
  611  612  623  622  380  381  392  391
  612  613  624  623  381  382  393  392
  613  614  625  624  382  383  394  393
  614  615  626  625  383  384  395  394
  615  616  627  626  384  385  396  395
  617  618  629  628  386  387  398  397
  618  619  630  629  387  388  399  398
  619  620  631  630  388  389  400  399
  620  621  632  631  389  390  401  400
  621  622  633  632  390  391  402  401
  622  623  634  633  391  392  403  402
  623  624  635  634  392  393  404  403
  624  625  636  635  393  394  405  404
  625  626  637  636  394  395  406  405
  626  627  638  637  395  396  407  406
  628  629  640  639  397  398  409  408
  629  630  641  640  398  399  410  409
  630  631  642  641  399  400  411  410
  631  632  643  642  400  401  412  411
  632  633  644  643  401  402  413  412
  633  634  645  644  402  403  414  413
  634  635  646  645  403  404  415  414
  635  636  647  646  404  405  416  415
  636  637  648  647  405  406  417  416
  637  638  649  648  406  407  418  417
  639  640  651  650  408  409  420  419
  640  641  652  651  409  410  421  420
  641  642  653  652  410  411  422  421
  642  643  654  653  411  412  423  422
  643  644  655  654  412  413  424  423
  644  645  656  655  413  414  425  424
  645  646  657  656  414  415  426  425
  646  647  658  657  415  416  427  426
  647  648  659  658  416  417  428  427
  648  649  660  659  417  418  429  428
  650  651  662  661  419  420  431  430
  651  652  663  662  420  421  432  431
  652  653  664  663  421  422  433  432
  653  654  665  664  422  423  434  433
  654  655  666  665  423  424  435  434
  655  656  667  666  424  425  436  435
  656  657  668  667  425  426  437  436
  657  658  669  668  426  427  438  437
  658  659  670  669  427  428  439  438
  659  660  671  670  428  429  440  439
  661  662  673  672  430  431  442  441
  662  663  674  673  431  432  443  442
  663  664  675  674  432  433  444  443
  664  665  676  675  433  434  445  444
  665  666  677  676  434  435  446  445
  666  667  678  677  435  436  447  446
  667  668  679  678  436  437  448  447
  668  669  680  679  437  438  449  448
  669  670  681  680  438  439  450  449
  670  671  682  681  439  440  451  450
  672  673  684  683  441  442  453  452
  673  674  685  684  442  443  454  453
  674  675  686  685  443  444  455  454
  675  676  687  686  444  445  456  455
  676  677  688  687  445  446  457  456
  677  678  689  688  446  447  458  457
  678  679  690  689  447  448  459  458
  679  680  691  690  448  449  460  459
  680  681  692  691  449  450  461  460
  681  682  693  692  450  451  462  461
  694  695  706  705  463  464  475  474
  695  696  707  706  464  465  476  475
  696  697  708  707  465  466  477  476
  697  698  709  708  466  467  478  477
  698  699  710  709  467  468  479  478
  699  700  711  710  468  469  480  479
  700  701  712  711  469  470  481  480
  701  702  713  712  470  471  482  481
  702  703  714  713  471  472  483  482
  703  704  715  714  472  473  484  483
  705  706  717  716  474  475  486  485
  706  707  718  717  475  476  487  486
  707  708  719  718  476  477  488  487
  708  709  720  719  477  478  489  488
  709  710  721  720  478  479  490  489
  710  711  722  721  479  480  491  490
  711  712  723  722  480  481  492  491
  712  713  724  723  481  482  493  492
  713  714  725  724  482  483  494  493
  714  715  726  725  483  484  495  494
  716  717  728  727  485  486  497  496
  717  718  729  728  486  487  498  497
  718  719  730  729  487  488  499  498
  719  720  731  730  488  489  500  499
  720  721  732  731  489  490  501  500
  721  722  733  732  490  491  502  501
  722  723  734  733  491  492  503  502
  723  724  735  734  492  493  504  503
  724  725  736  735  493  494  505  504
  725  726  737  736  494  495  506  505
  727  728  739  738  496  497  508  507
  728  729  740  739  497  498  509  508
  729  730  741  740  498  499  510  509
  730  731  742  741  499  500  511  510
  731  732  743  742  500  501  512  511
  732  733  744  743  501  502  513  512
  733  734  745  744  502  503  514  513
  734  735  746  745  503  504  515  514
  735  736  747  746  504  505  516  515
  736  737  748  747  505  506  517  516
  738  739  750  749  507  508  519  518
  739  740  751  750  508  509  520  519
  740  741  752  751  509  510  521  520
  741  742  753  752  510  511  522  521
  742  743  754  753  511  512  523  522
  743  744  755  754  512  513  524  523
  744  745  756  755  513  514  525  524
  745  746  757  756  514  515  526  525
  746  747  758  757  515  516  527  526
  747  748  759  758  516  517  528  527
  749  750  761  760  518  519  530  529
  750  751  762  761  519  520  531  530
  751  752  763  762  520  521  532  531
  752  753  764  763  521  522  533  532
  753  754  765  764  522  523  534  533
  754  755  766  765  523  524  535  534
  755  756  767  766  524  525  536  535
  756  757  768  767  525  526  537  536
  757  758  769  768  526  527  538  537
  758  759  770  769  527  528  539  538
  760  761  772  771  529  530  541  540
  761  762  773  772  530  531  542  541
  762  763  774  773  531  532  543  542
  763  764  775  774  532  533  544  543
  764  765  776  775  533  534  545  544
  765  766  777  776  534  535  546  545
  766  767  778  777  535  536  547  546
  767  768  779  778  536  537  548  547
  768  769  780  779  537  538  549  548
  769  770  781  780  538  539  550  549
  771  772  783  782  540  541  552  551
  772  773  784  783  541  542  553  552
  773  774  785  784  542  543  554  553
  774  775  786  785  543  544  555  554
  775  776  787  786  544  545  556  555
  776  777  788  787  545  546  557  556
  777  778  789  788  546  547  558  557
  778  779  790  789  547  548  559  558
  779  780  791  790  548  549  560  559
  780  781  792  791  549  550  561  560
  782  783  794  793  551  552  563  562
  783  784  795  794  552  553  564  563
  784  785  796  795  553  554  565  564
  785  786  797  796  554  555  566  565
  786  787  798  797  555  556  567  566
  787  788  799  798  556  557  568  567
  788  789  800  799  557  558  569  568
  789  790  801  800  558  559  570  569
  790  791  802  801  559  560  571  570
  791  792  803  802  560  561  572  571
  793  794  805  804  562  563  574  573
  794  795  806  805  563  564  575  574
  795  796  807  806  564  565  576  575
  796  797  808  807  565  566  577  576
  797  798  809  808  566  567  578  577
  798  799  810  809  567  568  579  578
  799  800  811  810  568  569  580  579
  800  801  812  811  569  570  581  580
  801  802  813  812  570  571  582  581
  802  803  814  813  571  572  583  582
  804  805  816  815  573  574  585  584
  805  806  817  816  574  575  586  585
  806  807  818  817  575  576  587  586
  807  808  819  818  576  577  588  587
  808  809  820  819  577  578  589  588
  809  810  821  820  578  579  590  589
  810  811  822  821  579  580  591  590
  811  812  823  822  580  581  592  591
  812  813  824  823  581  582  593  592
  813  814  825  824  582  583  594  593
  815  816  827  826  584  585  596  595
  816  817  828  827  585  586  597  596
  817  818  829  828  586  587  598  597
  818  819  830  829  587  588  599  598
  819  820  831  830  588  589  600  599
  820  821  832  831  589  590  601  600
  821  822  833  832  590  591  602  601
  822  823  834  833  591  592  603  602
  823  824  835  834  592  593  604  603
  824  825  836  835  593  594  605  604
  826  827  838  837  595  596  607  606
  827  828  839  838  596  597  608  607
  828  829  840  839  597  598  609  608
  829  830  841  840  598  599  610  609
  830  831  842  841  599  600  611  610
  831  832  843  842  600  601  612  611
  832  833  844  843  601  602  613  612
  833  834  845  844  602  603  614  613
  834  835  846  845  603  604  615  614
  835  836  847  846  604  605  616  615
  837  838  849  848  606  607  618  617
  838  839  850  849  607  608  619  618
  839  840  851  850  608  609  620  619
  840  841  852  851  609  610  621  620
  841  842  853  852  610  611  622  621
  842  843  854  853  611  612  623  622
  843  844  855  854  612  613  624  623
  844  845  856  855  613  614  625  624
  845  846  857  856  614  615  626  625
  846  847  858  857  615  616  627  626
  848  849  860  859  617  618  629  628
  849  850  861  860  618  619  630  629
  850  851  862  861  619  620  631  630
  851  852  863  862  620  621  632  631
  852  853  864  863  621  622  633  632
  853  854  865  864  622  623  634  633
  854  855  866  865  623  624  635  634
  855  856  867  866  624  625  636  635
  856  857  868  867  625  626  637  636
  857  858  869  868  626  627  638  637
  859  860  871  870  628  629  640  639
  860  861  872  871  629  630  641  640
  861  862  873  872  630  631  642  641
  862  863  874  873  631  632  643  642
  863  864  875  874  632  633  644  643
  864  865  876  875  633  634  645  644
  865  866  877  876  634  635  646  645
  866  867  878  877  635  636  647  646
  867  868  879  878  636  637  648  647
  868  869  880  879  637  638  649  648
  870  871  882  881  639  640  651  650
  871  872  883  882  640  641  652  651
  872  873  884  883  641  642  653  652
  873  874  885  884  642  643  654  653
  874  875  886  885  643  644  655  654
  875  876  887  886  644  645  656  655
  876  877  888  887  645  646  657  656
  877  878  889  888  646  647  658  657
  878  879  890  889  647  648  659  658
  879  880  891  890  648  649  660  659
  881  882  893  892  650  651  662  661
  882  883  894  893  651  652  663  662
  883  884  895  894  652  653  664  663
  884  885  896  895  653  654  665  664
  885  886  897  896  654  655  666  665
  886  887  898  897  655  656  667  666
  887  888  899  898  656  657  668  667
  888  889  900  899  657  658  669  668
  889  890  901  900  658  659  670  669
  890  891  902  901  659  660  671  670
  892  893  904  903  661  662  673  672
  893  894  905  904  662  663  674  673
  894  895  906  905  663  664  675  674
  895  896  907  906  664  665  676  675
  896  897  908  907  665  666  677  676
  897  898  909  908  666  667  678  677
  898  899  910  909  667  668  679  678
  899  900  911  910  668  669  680  679
  900  901  912  911  669  670  681  680
  901  902  913  912  670  671  682  681
  903  904  915  914  672  673  684  683
  904  905  916  915  673  674  685  684
  905  906  917  916  674  675  686  685
  906  907  918  917  675  676  687  686
  907  908  919  918  676  677  688  687
  908  909  920  919  677  678  689  688
  909  910  921  920  678  679  690  689
  910  911  922  921  679  680  691  690
  911  912  923  922  680  681  692  691
  912  913  924  923  681  682  693  692
  925  926  937  936  694  695  706  705
  926  927  938  937  695  696  707  706
  927  928  939  938  696  697  708  707
  928  929  940  939  697  698  709  708
  929  930  941  940  698  699  710  709
  930  931  942  941  699  700  711  710
  931  932  943  942  700  701  712  711
  932  933  944  943  701  702  713  712
  933  934  945  944  702  703  714  713
  934  935  946  945  703  704  715  714
  936  937  948  947  705  706  717  716
  937  938  949  948  706  707  718  717
  938  939  950  949  707  708  719  718
  939  940  951  950  708  709  720  719
  940  941  952  951  709  710  721  720
  941  942  953  952  710  711  722  721
  942  943  954  953  711  712  723  722
  943  944  955  954  712  713  724  723
  944  945  956  955  713  714  725  724
  945  946  957  956  714  715  726  725
  947  948  959  958  716  717  728  727
  948  949  960  959  717  718  729  728
  949  950  961  960  718  719  730  729
  950  951  962  961  719  720  731  730
  951  952  963  962  720  721  732  731
  952  953  964  963  721  722  733  732
  953  954  965  964  722  723  734  733
  954  955  966  965  723  724  735  734
  955  956  967  966  724  725  736  735
  956  957  968  967  725  726  737  736
  958  959  970  969  727  728  739  738
  959  960  971  970  728  729  740  739
  960  961  972  971  729  730  741  740
  961  962  973  972  730  731  742  741
  962  963  974  973  731  732  743  742
  963  964  975  974  732  733  744  743
  964  965  976  975  733  734  745  744
  965  966  977  976  734  735  746  745
  966  967  978  977  735  736  747  746
  967  968  979  978  736  737  748  747
  969  970  981  980  738  739  750  749
  970  971  982  981  739  740  751  750
  971  972  983  982  740  741  752  751
  972  973  984  983  741  742  753  752
  973  974  985  984  742  743  754  753
  974  975  986  985  743  744  755  754
  975  976  987  986  744  745  756  755
  976  977  988  987  745  746  757  756
  977  978  989  988  746  747  758  757
  978  979  990  989  747  748  759  758
  980  981  992  991  749  750  761  760
  981  982  993  992  750  751  762  761
  982  983  994  993  751  752  763  762
  983  984  995  994  752  753  764  763
  984  985  996  995  753  754  765  764
  985  986  997  996  754  755  766  765
  986  987  998  997  755  756  767  766
  987  988  999  998  756  757  768  767
  988  989 1000  999  757  758  769  768
  989  990 1001 1000  758  759  770  769
  991  992 1003 1002  760  761  772  771
  992  993 1004 1003  761  762  773  772
  993  994 1005 1004  762  763  774  773
  994  995 1006 1005  763  764  775  774
  995  996 1007 1006  764  765  776  775
  996  997 1008 1007  765  766  777  776
  997  998 1009 1008  766  767  778  777
  998  999 1010 1009  767  768  779  778
  999 1000 1011 1010  768  769  780  779
 1000 1001 1012 1011  769  770  781  780
 1002 1003 1014 1013  771  772  783  782
 1003 1004 1015 1014  772  773  784  783
 1004 1005 1016 1015  773  774  785  784
 1005 1006 1017 1016  774  775  786  785
 1006 1007 1018 1017  775  776  787  786
 1007 1008 1019 1018  776  777  788  787
 1008 1009 1020 1019  777  778  789  788
 1009 1010 1021 1020  778  779  790  789
 1010 1011 1022 1021  779  780  791  790
 1011 1012 1023 1022  780  781  792  791
 1013 1014 1025 1024  782  783  794  793
 1014 1015 1026 1025  783  784  795  794
 1015 1016 1027 1026  784  785  796  795
 1016 1017 1028 1027  785  786  797  796
 1017 1018 1029 1028  786  787  798  797
 1018 1019 1030 1029  787  788  799  798
 1019 1020 1031 1030  788  789  800  799
 1020 1021 1032 1031  789  790  801  800
 1021 1022 1033 1032  790  791  802  801
 1022 1023 1034 1033  791  792  803  802
 1024 1025 1036 1035  793  794  805  804
 1025 1026 1037 1036  794  795  806  805
 1026 1027 1038 1037  795  796  807  806
 1027 1028 1039 1038  796  797  808  807
 1028 1029 1040 1039  797  798  809  808
 1029 1030 1041 1040  798  799  810  809
 1030 1031 1042 1041  799  800  811  810
 1031 1032 1043 1042  800  801  812  811
 1032 1033 1044 1043  801  802  813  812
 1033 1034 1045 1044  802  803  814  813
 1035 1036 1047 1046  804  805  816  815
 1036 1037 1048 1047  805  806  817  816
 1037 1038 1049 1048  806  807  818  817
 1038 1039 1050 1049  807  808  819  818
 1039 1040 1051 1050  808  809  820  819
 1040 1041 1052 1051  809  810  821  820
 1041 1042 1053 1052  810  811  822  821
 1042 1043 1054 1053  811  812  823  822
 1043 1044 1055 1054  812  813  824  823
 1044 1045 1056 1055  813  814  825  824
 1046 1047 1058 1057  815  816  827  826
 1047 1048 1059 1058  816  817  828  827
 1048 1049 1060 1059  817  818  829  828
 1049 1050 1061 1060  818  819  830  829
 1050 1051 1062 1061  819  820  831  830
 1051 1052 1063 1062  820  821  832  831
 1052 1053 1064 1063  821  822  833  832
 1053 1054 1065 1064  822  823  834  833
 1054 1055 1066 1065  823  824  835  834
 1055 1056 1067 1066  824  825  836  835
 1057 1058 1069 1068  826  827  838  837
 1058 1059 1070 1069  827  828  839  838
 1059 1060 1071 1070  828  829  840  839
 1060 1061 1072 1071  829  830  841  840
 1061 1062 1073 1072  830  831  842  841
 1062 1063 1074 1073  831  832  843  842
 1063 1064 1075 1074  832  833  844  843
 1064 1065 1076 1075  833  834  845  844
 1065 1066 1077 1076  834  835  846  845
 1066 1067 1078 1077  835  836  847  846
 1068 1069 1080 1079  837  838  849  848
 1069 1070 1081 1080  838  839  850  849
 1070 1071 1082 1081  839  840  851  850
 1071 1072 1083 1082  840  841  852  851
 1072 1073 1084 1083  841  842  853  852
 1073 1074 1085 1084  842  843  854  853
 1074 1075 1086 1085  843  844  855  854
 1075 1076 1087 1086  844  845  856  855
 1076 1077 1088 1087  845  846  857  856
 1077 1078 1089 1088  846  847  858  857
 1079 1080 1091 1090  848  849  860  859
 1080 1081 1092 1091  849  850  861  860
 1081 1082 1093 1092  850  851  862  861
 1082 1083 1094 1093  851  852  863  862
 1083 1084 1095 1094  852  853  864  863
 1084 1085 1096 1095  853  854  865  864
 1085 1086 1097 1096  854  855  866  865
 1086 1087 1098 1097  855  856  867  866
 1087 1088 1099 1098  856  857  868  867
 1088 1089 1100 1099  857  858  869  868
 1090 1091 1102 1101  859  860  871  870
 1091 1092 1103 1102  860  861  872  871
 1092 1093 1104 1103  861  862  873  872
 1093 1094 1105 1104  862  863  874  873
 1094 1095 1106 1105  863  864  875  874
 1095 1096 1107 1106  864  865  876  875
 1096 1097 1108 1107  865  866  877  876
 1097 1098 1109 1108  866  867  878  877
 1098 1099 1110 1109  867  868  879  878
 1099 1100 1111 1110  868  869  880  879
 1101 1102 1113 1112  870  871  882  881
 1102 1103 1114 1113  871  872  883  882
 1103 1104 1115 1114  872  873  884  883
 1104 1105 1116 1115  873  874  885  884
 1105 1106 1117 1116  874  875  886  885
 1106 1107 1118 1117  875  876  887  886
 1107 1108 1119 1118  876  877  888  887
 1108 1109 1120 1119  877  878  889  888
 1109 1110 1121 1120  878  879  890  889
 1110 1111 1122 1121  879  880  891  890
 1112 1113 1124 1123  881  882  893  892
 1113 1114 1125 1124  882  883  894  893
 1114 1115 1126 1125  883  884  895  894
 1115 1116 1127 1126  884  885  896  895
 1116 1117 1128 1127  885  886  897  896
 1117 1118 1129 1128  886  887  898  897
 1118 1119 1130 1129  887  888  899  898
 1119 1120 1131 1130  888  889  900  899
 1120 1121 1132 1131  889  890  901  900
 1121 1122 1133 1132  890  891  902  901
 1123 1124 1135 1134  892  893  904  903
 1124 1125 1136 1135  893  894  905  904
 1125 1126 1137 1136  894  895  906  905
 1126 1127 1138 1137  895  896  907  906
 1127 1128 1139 1138  896  897  908  907
 1128 1129 1140 1139  897  898  909  908
 1129 1130 1141 1140  898  899  910  909
 1130 1131 1142 1141  899  900  911  910
 1131 1132 1143 1142  900  901  912  911
 1132 1133 1144 1143  901  902  913  912
 1134 1135 1146 1145  903  904  915  914
 1135 1136 1147 1146  904  905  916  915
 1136 1137 1148 1147  905  906  917  916
 1137 1138 1149 1148  906  907  918  917
 1138 1139 1150 1149  907  908  919  918
 1139 1140 1151 1150  908  909  920  919
 1140 1141 1152 1151  909  910  921  920
 1141 1142 1153 1152  910  911  922  921
 1142 1143 1154 1153  911  912  923  922
 1143 1144 1155 1154  912  913  924  923
 1156 1157 1168 1167  925  926  937  936
 1157 1158 1169 1168  926  927  938  937
 1158 1159 1170 1169  927  928  939  938
 1159 1160 1171 1170  928  929  940  939
 1160 1161 1172 1171  929  930  941  940
 1161 1162 1173 1172  930  931  942  941
 1162 1163 1174 1173  931  932  943  942
 1163 1164 1175 1174  932  933  944  943
 1164 1165 1176 1175  933  934  945  944
 1165 1166 1177 1176  934  935  946  945
 1167 1168 1179 1178  936  937  948  947
 1168 1169 1180 1179  937  938  949  948
 1169 1170 1181 1180  938  939  950  949
 1170 1171 1182 1181  939  940  951  950
 1171 1172 1183 1182  940  941  952  951
 1172 1173 1184 1183  941  942  953  952
 1173 1174 1185 1184  942  943  954  953
 1174 1175 1186 1185  943  944  955  954
 1175 1176 1187 1186  944  945  956  955
 1176 1177 1188 1187  945  946  957  956
 1178 1179 1190 1189  947  948  959  958
 1179 1180 1191 1190  948  949  960  959
 1180 1181 1192 1191  949  950  961  960
 1181 1182 1193 1192  950  951  962  961
 1182 1183 1194 1193  951  952  963  962
 1183 1184 1195 1194  952  953  964  963
 1184 1185 1196 1195  953  954  965  964
 1185 1186 1197 1196  954  955  966  965
 1186 1187 1198 1197  955  956  967  966
 1187 1188 1199 1198  956  957  968  967
 1189 1190 1201 1200  958  959  970  969
 1190 1191 1202 1201  959  960  971  970
 1191 1192 1203 1202  960  961  972  971
 1192 1193 1204 1203  961  962  973  972
 1193 1194 1205 1204  962  963  974  973
 1194 1195 1206 1205  963  964  975  974
 1195 1196 1207 1206  964  965  976  975
 1196 1197 1208 1207  965  966  977  976
 1197 1198 1209 1208  966  967  978  977
 1198 1199 1210 1209  967  968  979  978
 1200 1201 1212 1211  969  970  981  980
 1201 1202 1213 1212  970  971  982  981
 1202 1203 1214 1213  971  972  983  982
 1203 1204 1215 1214  972  973  984  983
 1204 1205 1216 1215  973  974  985  984
 1205 1206 1217 1216  974  975  986  985
 1206 1207 1218 1217  975  976  987  986
 1207 1208 1219 1218  976  977  988  987
 1208 1209 1220 1219  977  978  989  988
 1209 1210 1221 1220  978  979  990  989
 1211 1212 1223 1222  980  981  992  991
 1212 1213 1224 1223  981  982  993  992
 1213 1214 1225 1224  982  983  994  993
 1214 1215 1226 1225  983  984  995  994
 1215 1216 1227 1226  984  985  996  995
 1216 1217 1228 1227  985  986  997  996
 1217 1218 1229 1228  986  987  998  997
 1218 1219 1230 1229  987  988  999  998
 1219 1220 1231 1230  988  989 1000  999
 1220 1221 1232 1231  989  990 1001 1000
 1222 1223 1234 1233  991  992 1003 1002
 1223 1224 1235 1234  992  993 1004 1003
 1224 1225 1236 1235  993  994 1005 1004
 1225 1226 1237 1236  994  995 1006 1005
 1226 1227 1238 1237  995  996 1007 1006
 1227 1228 1239 1238  996  997 1008 1007
 1228 1229 1240 1239  997  998 1009 1008
 1229 1230 1241 1240  998  999 1010 1009
 1230 1231 1242 1241  999 1000 1011 1010
 1231 1232 1243 1242 1000 1001 1012 1011
 1233 1234 1245 1244 1002 1003 1014 1013
 1234 1235 1246 1245 1003 1004 1015 1014
 1235 1236 1247 1246 1004 1005 1016 1015
 1236 1237 1248 1247 1005 1006 1017 1016
 1237 1238 1249 1248 1006 1007 1018 1017
 1238 1239 1250 1249 1007 1008 1019 1018
 1239 1240 1251 1250 1008 1009 1020 1019
 1240 1241 1252 1251 1009 1010 1021 1020
 1241 1242 1253 1252 1010 1011 1022 1021
 1242 1243 1254 1253 1011 1012 1023 1022
 1244 1245 1256 1255 1013 1014 1025 1024
 1245 1246 1257 1256 1014 1015 1026 1025
 1246 1247 1258 1257 1015 1016 1027 1026
 1247 1248 1259 1258 1016 1017 1028 1027
 1248 1249 1260 1259 1017 1018 1029 1028
 1249 1250 1261 1260 1018 1019 1030 1029
 1250 1251 1262 1261 1019 1020 1031 1030
 1251 1252 1263 1262 1020 1021 1032 1031
 1252 1253 1264 1263 1021 1022 1033 1032
 1253 1254 1265 1264 1022 1023 1034 1033
 1255 1256 1267 1266 1024 1025 1036 1035
 1256 1257 1268 1267 1025 1026 1037 1036
 1257 1258 1269 1268 1026 1027 1038 1037
 1258 1259 1270 1269 1027 1028 1039 1038
 1259 1260 1271 1270 1028 1029 1040 1039
 1260 1261 1272 1271 1029 1030 1041 1040
 1261 1262 1273 1272 1030 1031 1042 1041
 1262 1263 1274 1273 1031 1032 1043 1042
 1263 1264 1275 1274 1032 1033 1044 1043
 1264 1265 1276 1275 1033 1034 1045 1044
 1266 1267 1278 1277 1035 1036 1047 1046
 1267 1268 1279 1278 1036 1037 1048 1047
 1268 1269 1280 1279 1037 1038 1049 1048
 1269 1270 1281 1280 1038 1039 1050 1049
 1270 1271 1282 1281 1039 1040 1051 1050
 1271 1272 1283 1282 1040 1041 1052 1051
 1272 1273 1284 1283 1041 1042 1053 1052
 1273 1274 1285 1284 1042 1043 1054 1053
 1274 1275 1286 1285 1043 1044 1055 1054
 1275 1276 1287 1286 1044 1045 1056 1055
 1277 1278 1289 1288 1046 1047 1058 1057
 1278 1279 1290 1289 1047 1048 1059 1058
 1279 1280 1291 1290 1048 1049 1060 1059
 1280 1281 1292 1291 1049 1050 1061 1060
 1281 1282 1293 1292 1050 1051 1062 1061
 1282 1283 1294 1293 1051 1052 1063 1062
 1283 1284 1295 1294 1052 1053 1064 1063
 1284 1285 1296 1295 1053 1054 1065 1064
 1285 1286 1297 1296 1054 1055 1066 1065
 1286 1287 1298 1297 1055 1056 1067 1066
 1288 1289 1300 1299 1057 1058 1069 1068
 1289 1290 1301 1300 1058 1059 1070 1069
 1290 1291 1302 1301 1059 1060 1071 1070
 1291 1292 1303 1302 1060 1061 1072 1071
 1292 1293 1304 1303 1061 1062 1073 1072
 1293 1294 1305 1304 1062 1063 1074 1073
 1294 1295 1306 1305 1063 1064 1075 1074
 1295 1296 1307 1306 1064 1065 1076 1075
 1296 1297 1308 1307 1065 1066 1077 1076
 1297 1298 1309 1308 1066 1067 1078 1077
 1299 1300 1311 1310 1068 1069 1080 1079
 1300 1301 1312 1311 1069 1070 1081 1080
 1301 1302 1313 1312 1070 1071 1082 1081
 1302 1303 1314 1313 1071 1072 1083 1082
 1303 1304 1315 1314 1072 1073 1084 1083
 1304 1305 1316 1315 1073 1074 1085 1084
 1305 1306 1317 1316 1074 1075 1086 1085
 1306 1307 1318 1317 1075 1076 1087 1086
 1307 1308 1319 1318 1076 1077 1088 1087
 1308 1309 1320 1319 1077 1078 1089 1088
 1310 1311 1322 1321 1079 1080 1091 1090
 1311 1312 1323 1322 1080 1081 1092 1091
 1312 1313 1324 1323 1081 1082 1093 1092
 1313 1314 1325 1324 1082 1083 1094 1093
 1314 1315 1326 1325 1083 1084 1095 1094
 1315 1316 1327 1326 1084 1085 1096 1095
 1316 1317 1328 1327 1085 1086 1097 1096
 1317 1318 1329 1328 1086 1087 1098 1097
 1318 1319 1330 1329 1087 1088 1099 1098
 1319 1320 1331 1330 1088 1089 1100 1099
 1321 1322 1333 1332 1090 1091 1102 1101
 1322 1323 1334 1333 1091 1092 1103 1102
 1323 1324 1335 1334 1092 1093 1104 1103
 1324 1325 1336 1335 1093 1094 1105 1104
 1325 1326 1337 1336 1094 1095 1106 1105
 1326 1327 1338 1337 1095 1096 1107 1106
 1327 1328 1339 1338 1096 1097 1108 1107
 1328 1329 1340 1339 1097 1098 1109 1108
 1329 1330 1341 1340 1098 1099 1110 1109
 1330 1331 1342 1341 1099 1100 1111 1110
 1332 1333 1344 1343 1101 1102 1113 1112
 1333 1334 1345 1344 1102 1103 1114 1113
 1334 1335 1346 1345 1103 1104 1115 1114
 1335 1336 1347 1346 1104 1105 1116 1115
 1336 1337 1348 1347 1105 1106 1117 1116
 1337 1338 1349 1348 1106 1107 1118 1117
 1338 1339 1350 1349 1107 1108 1119 1118
 1339 1340 1351 1350 1108 1109 1120 1119
 1340 1341 1352 1351 1109 1110 1121 1120
 1341 1342 1353 1352 1110 1111 1122 1121
 1343 1344 1355 1354 1112 1113 1124 1123
 1344 1345 1356 1355 1113 1114 1125 1124
 1345 1346 1357 1356 1114 1115 1126 1125
 1346 1347 1358 1357 1115 1116 1127 1126
 1347 1348 1359 1358 1116 1117 1128 1127
 1348 1349 1360 1359 1117 1118 1129 1128
 1349 1350 1361 1360 1118 1119 1130 1129
 1350 1351 1362 1361 1119 1120 1131 1130
 1351 1352 1363 1362 1120 1121 1132 1131
 1352 1353 1364 1363 1121 1122 1133 1132
 1354 1355 1366 1365 1123 1124 1135 1134
 1355 1356 1367 1366 1124 1125 1136 1135
 1356 1357 1368 1367 1125 1126 1137 1136
 1357 1358 1369 1368 1126 1127 1138 1137
 1358 1359 1370 1369 1127 1128 1139 1138
 1359 1360 1371 1370 1128 1129 1140 1139
 1360 1361 1372 1371 1129 1130 1141 1140
 1361 1362 1373 1372 1130 1131 1142 1141
 1362 1363 1374 1373 1131 1132 1143 1142
 1363 1364 1375 1374 1132 1133 1144 1143
 1365 1366 1377 1376 1134 1135 1146 1145
 1366 1367 1378 1377 1135 1136 1147 1146
 1367 1368 1379 1378 1136 1137 1148 1147
 1368 1369 1380 1379 1137 1138 1149 1148
 1369 1370 1381 1380 1138 1139 1150 1149
 1370 1371 1382 1381 1139 1140 1151 1150
 1371 1372 1383 1382 1140 1141 1152 1151
 1372 1373 1384 1383 1141 1142 1153 1152
 1373 1374 1385 1384 1142 1143 1154 1153
 1374 1375 1386 1385 1143 1144 1155 1154
 1387 1388 1399 1398 1156 1157 1168 1167
 1388 1389 1400 1399 1157 1158 1169 1168
 1389 1390 1401 1400 1158 1159 1170 1169
 1390 1391 1402 1401 1159 1160 1171 1170
 1391 1392 1403 1402 1160 1161 1172 1171
 1392 1393 1404 1403 1161 1162 1173 1172
 1393 1394 1405 1404 1162 1163 1174 1173
 1394 1395 1406 1405 1163 1164 1175 1174
 1395 1396 1407 1406 1164 1165 1176 1175
 1396 1397 1408 1407 1165 1166 1177 1176
 1398 1399 1410 1409 1167 1168 1179 1178
 1399 1400 1411 1410 1168 1169 1180 1179
 1400 1401 1412 1411 1169 1170 1181 1180
 1401 1402 1413 1412 1170 1171 1182 1181
 1402 1403 1414 1413 1171 1172 1183 1182
 1403 1404 1415 1414 1172 1173 1184 1183
 1404 1405 1416 1415 1173 1174 1185 1184
 1405 1406 1417 1416 1174 1175 1186 1185
 1406 1407 1418 1417 1175 1176 1187 1186
 1407 1408 1419 1418 1176 1177 1188 1187
 1409 1410 1421 1420 1178 1179 1190 1189
 1410 1411 1422 1421 1179 1180 1191 1190
 1411 1412 1423 1422 1180 1181 1192 1191
 1412 1413 1424 1423 1181 1182 1193 1192
 1413 1414 1425 1424 1182 1183 1194 1193
 1414 1415 1426 1425 1183 1184 1195 1194
 1415 1416 1427 1426 1184 1185 1196 1195
 1416 1417 1428 1427 1185 1186 1197 1196
 1417 1418 1429 1428 1186 1187 1198 1197
 1418 1419 1430 1429 1187 1188 1199 1198
 1420 1421 1432 1431 1189 1190 1201 1200
 1421 1422 1433 1432 1190 1191 1202 1201
 1422 1423 1434 1433 1191 1192 1203 1202
 1423 1424 1435 1434 1192 1193 1204 1203
 1424 1425 1436 1435 1193 1194 1205 1204
 1425 1426 1437 1436 1194 1195 1206 1205
 1426 1427 1438 1437 1195 1196 1207 1206
 1427 1428 1439 1438 1196 1197 1208 1207
 1428 1429 1440 1439 1197 1198 1209 1208
 1429 1430 1441 1440 1198 1199 1210 1209
 1431 1432 1443 1442 1200 1201 1212 1211
 1432 1433 1444 1443 1201 1202 1213 1212
 1433 1434 1445 1444 1202 1203 1214 1213
 1434 1435 1446 1445 1203 1204 1215 1214
 1435 1436 1447 1446 1204 1205 1216 1215
 1436 1437 1448 1447 1205 1206 1217 1216
 1437 1438 1449 1448 1206 1207 1218 1217
 1438 1439 1450 1449 1207 1208 1219 1218
 1439 1440 1451 1450 1208 1209 1220 1219
 1440 1441 1452 1451 1209 1210 1221 1220
 1442 1443 1454 1453 1211 1212 1223 1222
 1443 1444 1455 1454 1212 1213 1224 1223
 1444 1445 1456 1455 1213 1214 1225 1224
 1445 1446 1457 1456 1214 1215 1226 1225
 1446 1447 1458 1457 1215 1216 1227 1226
 1447 1448 1459 1458 1216 1217 1228 1227
 1448 1449 1460 1459 1217 1218 1229 1228
 1449 1450 1461 1460 1218 1219 1230 1229
 1450 1451 1462 1461 1219 1220 1231 1230
 1451 1452 1463 1462 1220 1221 1232 1231
 1453 1454 1465 1464 1222 1223 1234 1233
 1454 1455 1466 1465 1223 1224 1235 1234
 1455 1456 1467 1466 1224 1225 1236 1235
 1456 1457 1468 1467 1225 1226 1237 1236
 1457 1458 1469 1468 1226 1227 1238 1237
 1458 1459 1470 1469 1227 1228 1239 1238
 1459 1460 1471 1470 1228 1229 1240 1239
 1460 1461 1472 1471 1229 1230 1241 1240
 1461 1462 1473 1472 1230 1231 1242 1241
 1462 1463 1474 1473 1231 1232 1243 1242
 1464 1465 1476 1475 1233 1234 1245 1244
 1465 1466 1477 1476 1234 1235 1246 1245
 1466 1467 1478 1477 1235 1236 1247 1246
 1467 1468 1479 1478 1236 1237 1248 1247
 1468 1469 1480 1479 1237 1238 1249 1248
 1469 1470 1481 1480 1238 1239 1250 1249
 1470 1471 1482 1481 1239 1240 1251 1250
 1471 1472 1483 1482 1240 1241 1252 1251
 1472 1473 1484 1483 1241 1242 1253 1252
 1473 1474 1485 1484 1242 1243 1254 1253
 1475 1476 1487 1486 1244 1245 1256 1255
 1476 1477 1488 1487 1245 1246 1257 1256
 1477 1478 1489 1488 1246 1247 1258 1257
 1478 1479 1490 1489 1247 1248 1259 1258
 1479 1480 1491 1490 1248 1249 1260 1259
 1480 1481 1492 1491 1249 1250 1261 1260
 1481 1482 1493 1492 1250 1251 1262 1261
 1482 1483 1494 1493 1251 1252 1263 1262
 1483 1484 1495 1494 1252 1253 1264 1263
 1484 1485 1496 1495 1253 1254 1265 1264
 1486 1487 1498 1497 1255 1256 1267 1266
 1487 1488 1499 1498 1256 1257 1268 1267
 1488 1489 1500 1499 1257 1258 1269 1268
 1489 1490 1501 1500 1258 1259 1270 1269
 1490 1491 1502 1501 1259 1260 1271 1270
 1491 1492 1503 1502 1260 1261 1272 1271
 1492 1493 1504 1503 1261 1262 1273 1272
 1493 1494 1505 1504 1262 1263 1274 1273
 1494 1495 1506 1505 1263 1264 1275 1274
 1495 1496 1507 1506 1264 1265 1276 1275
 1497 1498 1509 1508 1266 1267 1278 1277
 1498 1499 1510 1509 1267 1268 1279 1278
 1499 1500 1511 1510 1268 1269 1280 1279
 1500 1501 1512 1511 1269 1270 1281 1280
 1501 1502 1513 1512 1270 1271 1282 1281
 1502 1503 1514 1513 1271 1272 1283 1282
 1503 1504 1515 1514 1272 1273 1284 1283
 1504 1505 1516 1515 1273 1274 1285 1284
 1505 1506 1517 1516 1274 1275 1286 1285
 1506 1507 1518 1517 1275 1276 1287 1286
 1508 1509 1520 1519 1277 1278 1289 1288
 1509 1510 1521 1520 1278 1279 1290 1289
 1510 1511 1522 1521 1279 1280 1291 1290
 1511 1512 1523 1522 1280 1281 1292 1291
 1512 1513 1524 1523 1281 1282 1293 1292
 1513 1514 1525 1524 1282 1283 1294 1293
 1514 1515 1526 1525 1283 1284 1295 1294
 1515 1516 1527 1526 1284 1285 1296 1295
 1516 1517 1528 1527 1285 1286 1297 1296
 1517 1518 1529 1528 1286 1287 1298 1297
 1519 1520 1531 1530 1288 1289 1300 1299
 1520 1521 1532 1531 1289 1290 1301 1300
 1521 1522 1533 1532 1290 1291 1302 1301
 1522 1523 1534 1533 1291 1292 1303 1302
 1523 1524 1535 1534 1292 1293 1304 1303
 1524 1525 1536 1535 1293 1294 1305 1304
 1525 1526 1537 1536 1294 1295 1306 1305
 1526 1527 1538 1537 1295 1296 1307 1306
 1527 1528 1539 1538 1296 1297 1308 1307
 1528 1529 1540 1539 1297 1298 1309 1308
 1530 1531 1542 1541 1299 1300 1311 1310
 1531 1532 1543 1542 1300 1301 1312 1311
 1532 1533 1544 1543 1301 1302 1313 1312
 1533 1534 1545 1544 1302 1303 1314 1313
 1534 1535 1546 1545 1303 1304 1315 1314
 1535 1536 1547 1546 1304 1305 1316 1315
 1536 1537 1548 1547 1305 1306 1317 1316
 1537 1538 1549 1548 1306 1307 1318 1317
 1538 1539 1550 1549 1307 1308 1319 1318
 1539 1540 1551 1550 1308 1309 1320 1319
 1541 1542 1553 1552 1310 1311 1322 1321
 1542 1543 1554 1553 1311 1312 1323 1322
 1543 1544 1555 1554 1312 1313 1324 1323
 1544 1545 1556 1555 1313 1314 1325 1324
 1545 1546 1557 1556 1314 1315 1326 1325
 1546 1547 1558 1557 1315 1316 1327 1326
 1547 1548 1559 1558 1316 1317 1328 1327
 1548 1549 1560 1559 1317 1318 1329 1328
 1549 1550 1561 1560 1318 1319 1330 1329
 1550 1551 1562 1561 1319 1320 1331 1330
 1552 1553 1564 1563 1321 1322 1333 1332
 1553 1554 1565 1564 1322 1323 1334 1333
 1554 1555 1566 1565 1323 1324 1335 1334
 1555 1556 1567 1566 1324 1325 1336 1335
 1556 1557 1568 1567 1325 1326 1337 1336
 1557 1558 1569 1568 1326 1327 1338 1337
 1558 1559 1570 1569 1327 1328 1339 1338
 1559 1560 1571 1570 1328 1329 1340 1339
 1560 1561 1572 1571 1329 1330 1341 1340
 1561 1562 1573 1572 1330 1331 1342 1341
 1563 1564 1575 1574 1332 1333 1344 1343
 1564 1565 1576 1575 1333 1334 1345 1344
 1565 1566 1577 1576 1334 1335 1346 1345
 1566 1567 1578 1577 1335 1336 1347 1346
 1567 1568 1579 1578 1336 1337 1348 1347
 1568 1569 1580 1579 1337 1338 1349 1348
 1569 1570 1581 1580 1338 1339 1350 1349
 1570 1571 1582 1581 1339 1340 1351 1350
 1571 1572 1583 1582 1340 1341 1352 1351
 1572 1573 1584 1583 1341 1342 1353 1352
 1574 1575 1586 1585 1343 1344 1355 1354
 1575 1576 1587 1586 1344 1345 1356 1355
 1576 1577 1588 1587 1345 1346 1357 1356
 1577 1578 1589 1588 1346 1347 1358 1357
 1578 1579 1590 1589 1347 1348 1359 1358
 1579 1580 1591 1590 1348 1349 1360 1359
 1580 1581 1592 1591 1349 1350 1361 1360
 1581 1582 1593 1592 1350 1351 1362 1361
 1582 1583 1594 1593 1351 1352 1363 1362
 1583 1584 1595 1594 1352 1353 1364 1363
 1585 1586 1597 1596 1354 1355 1366 1365
 1586 1587 1598 1597 1355 1356 1367 1366
 1587 1588 1599 1598 1356 1357 1368 1367
 1588 1589 1600 1599 1357 1358 1369 1368
 1589 1590 1601 1600 1358 1359 1370 1369
 1590 1591 1602 1601 1359 1360 1371 1370
 1591 1592 1603 1602 1360 1361 1372 1371
 1592 1593 1604 1603 1361 1362 1373 1372
 1593 1594 1605 1604 1362 1363 1374 1373
 1594 1595 1606 1605 1363 1364 1375 1374
 1596 1597 1608 1607 1365 1366 1377 1376
 1597 1598 1609 1608 1366 1367 1378 1377
 1598 1599 1610 1609 1367 1368 1379 1378
 1599 1600 1611 1610 1368 1369 1380 1379
 1600 1601 1612 1611 1369 1370 1381 1380
 1601 1602 1613 1612 1370 1371 1382 1381
 1602 1603 1614 1613 1371 1372 1383 1382
 1603 1604 1615 1614 1372 1373 1384 1383
 1604 1605 1616 1615 1373 1374 1385 1384
 1605 1606 1617 1616 1374 1375 1386 1385
 1618 1619 1630 1629 1387 1388 1399 1398
 1619 1620 1631 1630 1388 1389 1400 1399
 1620 1621 1632 1631 1389 1390 1401 1400
 1621 1622 1633 1632 1390 1391 1402 1401
 1622 1623 1634 1633 1391 1392 1403 1402
 1623 1624 1635 1634 1392 1393 1404 1403
 1624 1625 1636 1635 1393 1394 1405 1404
 1625 1626 1637 1636 1394 1395 1406 1405
 1626 1627 1638 1637 1395 1396 1407 1406
 1627 1628 1639 1638 1396 1397 1408 1407
 1629 1630 1641 1640 1398 1399 1410 1409
 1630 1631 1642 1641 1399 1400 1411 1410
 1631 1632 1643 1642 1400 1401 1412 1411
 1632 1633 1644 1643 1401 1402 1413 1412
 1633 1634 1645 1644 1402 1403 1414 1413
 1634 1635 1646 1645 1403 1404 1415 1414
 1635 1636 1647 1646 1404 1405 1416 1415
 1636 1637 1648 1647 1405 1406 1417 1416
 1637 1638 1649 1648 1406 1407 1418 1417
 1638 1639 1650 1649 1407 1408 1419 1418
 1640 1641 1652 1651 1409 1410 1421 1420
 1641 1642 1653 1652 1410 1411 1422 1421
 1642 1643 1654 1653 1411 1412 1423 1422
 1643 1644 1655 1654 1412 1413 1424 1423
 1644 1645 1656 1655 1413 1414 1425 1424
 1645 1646 1657 1656 1414 1415 1426 1425
 1646 1647 1658 1657 1415 1416 1427 1426
 1647 1648 1659 1658 1416 1417 1428 1427
 1648 1649 1660 1659 1417 1418 1429 1428
 1649 1650 1661 1660 1418 1419 1430 1429
 1651 1652 1663 1662 1420 1421 1432 1431
 1652 1653 1664 1663 1421 1422 1433 1432
 1653 1654 1665 1664 1422 1423 1434 1433
 1654 1655 1666 1665 1423 1424 1435 1434
 1655 1656 1667 1666 1424 1425 1436 1435
 1656 1657 1668 1667 1425 1426 1437 1436
 1657 1658 1669 1668 1426 1427 1438 1437
 1658 1659 1670 1669 1427 1428 1439 1438
 1659 1660 1671 1670 1428 1429 1440 1439
 1660 1661 1672 1671 1429 1430 1441 1440
 1662 1663 1674 1673 1431 1432 1443 1442
 1663 1664 1675 1674 1432 1433 1444 1443
 1664 1665 1676 1675 1433 1434 1445 1444
 1665 1666 1677 1676 1434 1435 1446 1445
 1666 1667 1678 1677 1435 1436 1447 1446
 1667 1668 1679 1678 1436 1437 1448 1447
 1668 1669 1680 1679 1437 1438 1449 1448
 1669 1670 1681 1680 1438 1439 1450 1449
 1670 1671 1682 1681 1439 1440 1451 1450
 1671 1672 1683 1682 1440 1441 1452 1451
 1673 1674 1685 1684 1442 1443 1454 1453
 1674 1675 1686 1685 1443 1444 1455 1454
 1675 1676 1687 1686 1444 1445 1456 1455
 1676 1677 1688 1687 1445 1446 1457 1456
 1677 1678 1689 1688 1446 1447 1458 1457
 1678 1679 1690 1689 1447 1448 1459 1458
 1679 1680 1691 1690 1448 1449 1460 1459
 1680 1681 1692 1691 1449 1450 1461 1460
 1681 1682 1693 1692 1450 1451 1462 1461
 1682 1683 1694 1693 1451 1452 1463 1462
 1684 1685 1696 1695 1453 1454 1465 1464
 1685 1686 1697 1696 1454 1455 1466 1465
 1686 1687 1698 1697 1455 1456 1467 1466
 1687 1688 1699 1698 1456 1457 1468 1467
 1688 1689 1700 1699 1457 1458 1469 1468
 1689 1690 1701 1700 1458 1459 1470 1469
 1690 1691 1702 1701 1459 1460 1471 1470
 1691 1692 1703 1702 1460 1461 1472 1471
 1692 1693 1704 1703 1461 1462 1473 1472
 1693 1694 1705 1704 1462 1463 1474 1473
 1695 1696 1707 1706 1464 1465 1476 1475
 1696 1697 1708 1707 1465 1466 1477 1476
 1697 1698 1709 1708 1466 1467 1478 1477
 1698 1699 1710 1709 1467 1468 1479 1478
 1699 1700 1711 1710 1468 1469 1480 1479
 1700 1701 1712 1711 1469 1470 1481 1480
 1701 1702 1713 1712 1470 1471 1482 1481
 1702 1703 1714 1713 1471 1472 1483 1482
 1703 1704 1715 1714 1472 1473 1484 1483
 1704 1705 1716 1715 1473 1474 1485 1484
 1706 1707 1718 1717 1475 1476 1487 1486
 1707 1708 1719 1718 1476 1477 1488 1487
 1708 1709 1720 1719 1477 1478 1489 1488
 1709 1710 1721 1720 1478 1479 1490 1489
 1710 1711 1722 1721 1479 1480 1491 1490
 1711 1712 1723 1722 1480 1481 1492 1491
 1712 1713 1724 1723 1481 1482 1493 1492
 1713 1714 1725 1724 1482 1483 1494 1493
 1714 1715 1726 1725 1483 1484 1495 1494
 1715 1716 1727 1726 1484 1485 1496 1495
 1717 1718 1729 1728 1486 1487 1498 1497
 1718 1719 1730 1729 1487 1488 1499 1498
 1719 1720 1731 1730 1488 1489 1500 1499
 1720 1721 1732 1731 1489 1490 1501 1500
 1721 1722 1733 1732 1490 1491 1502 1501
 1722 1723 1734 1733 1491 1492 1503 1502
 1723 1724 1735 1734 1492 1493 1504 1503
 1724 1725 1736 1735 1493 1494 1505 1504
 1725 1726 1737 1736 1494 1495 1506 1505
 1726 1727 1738 1737 1495 1496 1507 1506
 1728 1729 1740 1739 1497 1498 1509 1508
 1729 1730 1741 1740 1498 1499 1510 1509
 1730 1731 1742 1741 1499 1500 1511 1510
 1731 1732 1743 1742 1500 1501 1512 1511
 1732 1733 1744 1743 1501 1502 1513 1512
 1733 1734 1745 1744 1502 1503 1514 1513
 1734 1735 1746 1745 1503 1504 1515 1514
 1735 1736 1747 1746 1504 1505 1516 1515
 1736 1737 1748 1747 1505 1506 1517 1516
 1737 1738 1749 1748 1506 1507 1518 1517
 1739 1740 1751 1750 1508 1509 1520 1519
 1740 1741 1752 1751 1509 1510 1521 1520
 1741 1742 1753 1752 1510 1511 1522 1521
 1742 1743 1754 1753 1511 1512 1523 1522
 1743 1744 1755 1754 1512 1513 1524 1523
 1744 1745 1756 1755 1513 1514 1525 1524
 1745 1746 1757 1756 1514 1515 1526 1525
 1746 1747 1758 1757 1515 1516 1527 1526
 1747 1748 1759 1758 1516 1517 1528 1527
 1748 1749 1760 1759 1517 1518 1529 1528
 1750 1751 1762 1761 1519 1520 1531 1530
 1751 1752 1763 1762 1520 1521 1532 1531
 1752 1753 1764 1763 1521 1522 1533 1532
 1753 1754 1765 1764 1522 1523 1534 1533
 1754 1755 1766 1765 1523 1524 1535 1534
 1755 1756 1767 1766 1524 1525 1536 1535
 1756 1757 1768 1767 1525 1526 1537 1536
 1757 1758 1769 1768 1526 1527 1538 1537
 1758 1759 1770 1769 1527 1528 1539 1538
 1759 1760 1771 1770 1528 1529 1540 1539
 1761 1762 1773 1772 1530 1531 1542 1541
 1762 1763 1774 1773 1531 1532 1543 1542
 1763 1764 1775 1774 1532 1533 1544 1543
 1764 1765 1776 1775 1533 1534 1545 1544
 1765 1766 1777 1776 1534 1535 1546 1545
 1766 1767 1778 1777 1535 1536 1547 1546
 1767 1768 1779 1778 1536 1537 1548 1547
 1768 1769 1780 1779 1537 1538 1549 1548
 1769 1770 1781 1780 1538 1539 1550 1549
 1770 1771 1782 1781 1539 1540 1551 1550
 1772 1773 1784 1783 1541 1542 1553 1552
 1773 1774 1785 1784 1542 1543 1554 1553
 1774 1775 1786 1785 1543 1544 1555 1554
 1775 1776 1787 1786 1544 1545 1556 1555
 1776 1777 1788 1787 1545 1546 1557 1556
 1777 1778 1789 1788 1546 1547 1558 1557
 1778 1779 1790 1789 1547 1548 1559 1558
 1779 1780 1791 1790 1548 1549 1560 1559
 1780 1781 1792 1791 1549 1550 1561 1560
 1781 1782 1793 1792 1550 1551 1562 1561
 1783 1784 1795 1794 1552 1553 1564 1563
 1784 1785 1796 1795 1553 1554 1565 1564
 1785 1786 1797 1796 1554 1555 1566 1565
 1786 1787 1798 1797 1555 1556 1567 1566
 1787 1788 1799 1798 1556 1557 1568 1567
 1788 1789 1800 1799 1557 1558 1569 1568
 1789 1790 1801 1800 1558 1559 1570 1569
 1790 1791 1802 1801 1559 1560 1571 1570
 1791 1792 1803 1802 1560 1561 1572 1571
 1792 1793 1804 1803 1561 1562 1573 1572
 1794 1795 1806 1805 1563 1564 1575 1574
 1795 1796 1807 1806 1564 1565 1576 1575
 1796 1797 1808 1807 1565 1566 1577 1576
 1797 1798 1809 1808 1566 1567 1578 1577
 1798 1799 1810 1809 1567 1568 1579 1578
 1799 1800 1811 1810 1568 1569 1580 1579
 1800 1801 1812 1811 1569 1570 1581 1580
 1801 1802 1813 1812 1570 1571 1582 1581
 1802 1803 1814 1813 1571 1572 1583 1582
 1803 1804 1815 1814 1572 1573 1584 1583
 1805 1806 1817 1816 1574 1575 1586 1585
 1806 1807 1818 1817 1575 1576 1587 1586
 1807 1808 1819 1818 1576 1577 1588 1587
 1808 1809 1820 1819 1577 1578 1589 1588
 1809 1810 1821 1820 1578 1579 1590 1589
 1810 1811 1822 1821 1579 1580 1591 1590
 1811 1812 1823 1822 1580 1581 1592 1591
 1812 1813 1824 1823 1581 1582 1593 1592
 1813 1814 1825 1824 1582 1583 1594 1593
 1814 1815 1826 1825 1583 1584 1595 1594
 1816 1817 1828 1827 1585 1586 1597 1596
 1817 1818 1829 1828 1586 1587 1598 1597
 1818 1819 1830 1829 1587 1588 1599 1598
 1819 1820 1831 1830 1588 1589 1600 1599
 1820 1821 1832 1831 1589 1590 1601 1600
 1821 1822 1833 1832 1590 1591 1602 1601
 1822 1823 1834 1833 1591 1592 1603 1602
 1823 1824 1835 1834 1592 1593 1604 1603
 1824 1825 1836 1835 1593 1594 1605 1604
 1825 1826 1837 1836 1594 1595 1606 1605
 1827 1828 1839 1838 1596 1597 1608 1607
 1828 1829 1840 1839 1597 1598 1609 1608
 1829 1830 1841 1840 1598 1599 1610 1609
 1830 1831 1842 1841 1599 1600 1611 1610
 1831 1832 1843 1842 1600 1601 1612 1611
 1832 1833 1844 1843 1601 1602 1613 1612
 1833 1834 1845 1844 1602 1603 1614 1613
 1834 1835 1846 1845 1603 1604 1615 1614
 1835 1836 1847 1846 1604 1605 1616 1615
 1836 1837 1848 1847 1605 1606 1617 1616
 1849 1850 1861 1860 1618 1619 1630 1629
 1850 1851 1862 1861 1619 1620 1631 1630
 1851 1852 1863 1862 1620 1621 1632 1631
 1852 1853 1864 1863 1621 1622 1633 1632
 1853 1854 1865 1864 1622 1623 1634 1633
 1854 1855 1866 1865 1623 1624 1635 1634
 1855 1856 1867 1866 1624 1625 1636 1635
 1856 1857 1868 1867 1625 1626 1637 1636
 1857 1858 1869 1868 1626 1627 1638 1637
 1858 1859 1870 1869 1627 1628 1639 1638
 1860 1861 1872 1871 1629 1630 1641 1640
 1861 1862 1873 1872 1630 1631 1642 1641
 1862 1863 1874 1873 1631 1632 1643 1642
 1863 1864 1875 1874 1632 1633 1644 1643
 1864 1865 1876 1875 1633 1634 1645 1644
 1865 1866 1877 1876 1634 1635 1646 1645
 1866 1867 1878 1877 1635 1636 1647 1646
 1867 1868 1879 1878 1636 1637 1648 1647
 1868 1869 1880 1879 1637 1638 1649 1648
 1869 1870 1881 1880 1638 1639 1650 1649
 1871 1872 1883 1882 1640 1641 1652 1651
 1872 1873 1884 1883 1641 1642 1653 1652
 1873 1874 1885 1884 1642 1643 1654 1653
 1874 1875 1886 1885 1643 1644 1655 1654
 1875 1876 1887 1886 1644 1645 1656 1655
 1876 1877 1888 1887 1645 1646 1657 1656
 1877 1878 1889 1888 1646 1647 1658 1657
 1878 1879 1890 1889 1647 1648 1659 1658
 1879 1880 1891 1890 1648 1649 1660 1659
 1880 1881 1892 1891 1649 1650 1661 1660
 1882 1883 1894 1893 1651 1652 1663 1662
 1883 1884 1895 1894 1652 1653 1664 1663
 1884 1885 1896 1895 1653 1654 1665 1664
 1885 1886 1897 1896 1654 1655 1666 1665
 1886 1887 1898 1897 1655 1656 1667 1666
 1887 1888 1899 1898 1656 1657 1668 1667
 1888 1889 1900 1899 1657 1658 1669 1668
 1889 1890 1901 1900 1658 1659 1670 1669
 1890 1891 1902 1901 1659 1660 1671 1670
 1891 1892 1903 1902 1660 1661 1672 1671
 1893 1894 1905 1904 1662 1663 1674 1673
 1894 1895 1906 1905 1663 1664 1675 1674
 1895 1896 1907 1906 1664 1665 1676 1675
 1896 1897 1908 1907 1665 1666 1677 1676
 1897 1898 1909 1908 1666 1667 1678 1677
 1898 1899 1910 1909 1667 1668 1679 1678
 1899 1900 1911 1910 1668 1669 1680 1679
 1900 1901 1912 1911 1669 1670 1681 1680
 1901 1902 1913 1912 1670 1671 1682 1681
 1902 1903 1914 1913 1671 1672 1683 1682
 1904 1905 1916 1915 1673 1674 1685 1684
 1905 1906 1917 1916 1674 1675 1686 1685
 1906 1907 1918 1917 1675 1676 1687 1686
 1907 1908 1919 1918 1676 1677 1688 1687
 1908 1909 1920 1919 1677 1678 1689 1688
 1909 1910 1921 1920 1678 1679 1690 1689
 1910 1911 1922 1921 1679 1680 1691 1690
 1911 1912 1923 1922 1680 1681 1692 1691
 1912 1913 1924 1923 1681 1682 1693 1692
 1913 1914 1925 1924 1682 1683 1694 1693
 1915 1916 1927 1926 1684 1685 1696 1695
 1916 1917 1928 1927 1685 1686 1697 1696
 1917 1918 1929 1928 1686 1687 1698 1697
 1918 1919 1930 1929 1687 1688 1699 1698
 1919 1920 1931 1930 1688 1689 1700 1699
 1920 1921 1932 1931 1689 1690 1701 1700
 1921 1922 1933 1932 1690 1691 1702 1701
 1922 1923 1934 1933 1691 1692 1703 1702
 1923 1924 1935 1934 1692 1693 1704 1703
 1924 1925 1936 1935 1693 1694 1705 1704
 1926 1927 1938 1937 1695 1696 1707 1706
 1927 1928 1939 1938 1696 1697 1708 1707
 1928 1929 1940 1939 1697 1698 1709 1708
 1929 1930 1941 1940 1698 1699 1710 1709
 1930 1931 1942 1941 1699 1700 1711 1710
 1931 1932 1943 1942 1700 1701 1712 1711
 1932 1933 1944 1943 1701 1702 1713 1712
 1933 1934 1945 1944 1702 1703 1714 1713
 1934 1935 1946 1945 1703 1704 1715 1714
 1935 1936 1947 1946 1704 1705 1716 1715
 1937 1938 1949 1948 1706 1707 1718 1717
 1938 1939 1950 1949 1707 1708 1719 1718
 1939 1940 1951 1950 1708 1709 1720 1719
 1940 1941 1952 1951 1709 1710 1721 1720
 1941 1942 1953 1952 1710 1711 1722 1721
 1942 1943 1954 1953 1711 1712 1723 1722
 1943 1944 1955 1954 1712 1713 1724 1723
 1944 1945 1956 1955 1713 1714 1725 1724
 1945 1946 1957 1956 1714 1715 1726 1725
 1946 1947 1958 1957 1715 1716 1727 1726
 1948 1949 1960 1959 1717 1718 1729 1728
 1949 1950 1961 1960 1718 1719 1730 1729
 1950 1951 1962 1961 1719 1720 1731 1730
 1951 1952 1963 1962 1720 1721 1732 1731
 1952 1953 1964 1963 1721 1722 1733 1732
 1953 1954 1965 1964 1722 1723 1734 1733
 1954 1955 1966 1965 1723 1724 1735 1734
 1955 1956 1967 1966 1724 1725 1736 1735
 1956 1957 1968 1967 1725 1726 1737 1736
 1957 1958 1969 1968 1726 1727 1738 1737
 1959 1960 1971 1970 1728 1729 1740 1739
 1960 1961 1972 1971 1729 1730 1741 1740
 1961 1962 1973 1972 1730 1731 1742 1741
 1962 1963 1974 1973 1731 1732 1743 1742
 1963 1964 1975 1974 1732 1733 1744 1743
 1964 1965 1976 1975 1733 1734 1745 1744
 1965 1966 1977 1976 1734 1735 1746 1745
 1966 1967 1978 1977 1735 1736 1747 1746
 1967 1968 1979 1978 1736 1737 1748 1747
 1968 1969 1980 1979 1737 1738 1749 1748
 1970 1971 1982 1981 1739 1740 1751 1750
 1971 1972 1983 1982 1740 1741 1752 1751
 1972 1973 1984 1983 1741 1742 1753 1752
 1973 1974 1985 1984 1742 1743 1754 1753
 1974 1975 1986 1985 1743 1744 1755 1754
 1975 1976 1987 1986 1744 1745 1756 1755
 1976 1977 1988 1987 1745 1746 1757 1756
 1977 1978 1989 1988 1746 1747 1758 1757
 1978 1979 1990 1989 1747 1748 1759 1758
 1979 1980 1991 1990 1748 1749 1760 1759
 1981 1982 1993 1992 1750 1751 1762 1761
 1982 1983 1994 1993 1751 1752 1763 1762
 1983 1984 1995 1994 1752 1753 1764 1763
 1984 1985 1996 1995 1753 1754 1765 1764
 1985 1986 1997 1996 1754 1755 1766 1765
 1986 1987 1998 1997 1755 1756 1767 1766
 1987 1988 1999 1998 1756 1757 1768 1767
 1988 1989 2000 1999 1757 1758 1769 1768
 1989 1990 2001 2000 1758 1759 1770 1769
 1990 1991 2002 2001 1759 1760 1771 1770
 1992 1993 2004 2003 1761 1762 1773 1772
 1993 1994 2005 2004 1762 1763 1774 1773
 1994 1995 2006 2005 1763 1764 1775 1774
 1995 1996 2007 2006 1764 1765 1776 1775
 1996 1997 2008 2007 1765 1766 1777 1776
 1997 1998 2009 2008 1766 1767 1778 1777
 1998 1999 2010 2009 1767 1768 1779 1778
 1999 2000 2011 2010 1768 1769 1780 1779
 2000 2001 2012 2011 1769 1770 1781 1780
 2001 2002 2013 2012 1770 1771 1782 1781
 2003 2004 2015 2014 1772 1773 1784 1783
 2004 2005 2016 2015 1773 1774 1785 1784
 2005 2006 2017 2016 1774 1775 1786 1785
 2006 2007 2018 2017 1775 1776 1787 1786
 2007 2008 2019 2018 1776 1777 1788 1787
 2008 2009 2020 2019 1777 1778 1789 1788
 2009 2010 2021 2020 1778 1779 1790 1789
 2010 2011 2022 2021 1779 1780 1791 1790
 2011 2012 2023 2022 1780 1781 1792 1791
 2012 2013 2024 2023 1781 1782 1793 1792
 2014 2015 2026 2025 1783 1784 1795 1794
 2015 2016 2027 2026 1784 1785 1796 1795
 2016 2017 2028 2027 1785 1786 1797 1796
 2017 2018 2029 2028 1786 1787 1798 1797
 2018 2019 2030 2029 1787 1788 1799 1798
 2019 2020 2031 2030 1788 1789 1800 1799
 2020 2021 2032 2031 1789 1790 1801 1800
 2021 2022 2033 2032 1790 1791 1802 1801
 2022 2023 2034 2033 1791 1792 1803 1802
 2023 2024 2035 2034 1792 1793 1804 1803
 2025 2026 2037 2036 1794 1795 1806 1805
 2026 2027 2038 2037 1795 1796 1807 1806
 2027 2028 2039 2038 1796 1797 1808 1807
 2028 2029 2040 2039 1797 1798 1809 1808
 2029 2030 2041 2040 1798 1799 1810 1809
 2030 2031 2042 2041 1799 1800 1811 1810
 2031 2032 2043 2042 1800 1801 1812 1811
 2032 2033 2044 2043 1801 1802 1813 1812
 2033 2034 2045 2044 1802 1803 1814 1813
 2034 2035 2046 2045 1803 1804 1815 1814
 2036 2037 2048 2047 1805 1806 1817 1816
 2037 2038 2049 2048 1806 1807 1818 1817
 2038 2039 2050 2049 1807 1808 1819 1818
 2039 2040 2051 2050 1808 1809 1820 1819
 2040 2041 2052 2051 1809 1810 1821 1820
 2041 2042 2053 2052 1810 1811 1822 1821
 2042 2043 2054 2053 1811 1812 1823 1822
 2043 2044 2055 2054 1812 1813 1824 1823
 2044 2045 2056 2055 1813 1814 1825 1824
 2045 2046 2057 2056 1814 1815 1826 1825
 2047 2048 2059 2058 1816 1817 1828 1827
 2048 2049 2060 2059 1817 1818 1829 1828
 2049 2050 2061 2060 1818 1819 1830 1829
 2050 2051 2062 2061 1819 1820 1831 1830
 2051 2052 2063 2062 1820 1821 1832 1831
 2052 2053 2064 2063 1821 1822 1833 1832
 2053 2054 2065 2064 1822 1823 1834 1833
 2054 2055 2066 2065 1823 1824 1835 1834
 2055 2056 2067 2066 1824 1825 1836 1835
 2056 2057 2068 2067 1825 1826 1837 1836
 2058 2059 2070 2069 1827 1828 1839 1838
 2059 2060 2071 2070 1828 1829 1840 1839
 2060 2061 2072 2071 1829 1830 1841 1840
 2061 2062 2073 2072 1830 1831 1842 1841
 2062 2063 2074 2073 1831 1832 1843 1842
 2063 2064 2075 2074 1832 1833 1844 1843
 2064 2065 2076 2075 1833 1834 1845 1844
 2065 2066 2077 2076 1834 1835 1846 1845
 2066 2067 2078 2077 1835 1836 1847 1846
 2067 2068 2079 2078 1836 1837 1848 1847
 2080 2081 2092 2091 1849 1850 1861 1860
 2081 2082 2093 2092 1850 1851 1862 1861
 2082 2083 2094 2093 1851 1852 1863 1862
 2083 2084 2095 2094 1852 1853 1864 1863
 2084 2085 2096 2095 1853 1854 1865 1864
 2085 2086 2097 2096 1854 1855 1866 1865
 2086 2087 2098 2097 1855 1856 1867 1866
 2087 2088 2099 2098 1856 1857 1868 1867
 2088 2089 2100 2099 1857 1858 1869 1868
 2089 2090 2101 2100 1858 1859 1870 1869
 2091 2092 2103 2102 1860 1861 1872 1871
 2092 2093 2104 2103 1861 1862 1873 1872
 2093 2094 2105 2104 1862 1863 1874 1873
 2094 2095 2106 2105 1863 1864 1875 1874
 2095 2096 2107 2106 1864 1865 1876 1875
 2096 2097 2108 2107 1865 1866 1877 1876
 2097 2098 2109 2108 1866 1867 1878 1877
 2098 2099 2110 2109 1867 1868 1879 1878
 2099 2100 2111 2110 1868 1869 1880 1879
 2100 2101 2112 2111 1869 1870 1881 1880
 2102 2103 2114 2113 1871 1872 1883 1882
 2103 2104 2115 2114 1872 1873 1884 1883
 2104 2105 2116 2115 1873 1874 1885 1884
 2105 2106 2117 2116 1874 1875 1886 1885
 2106 2107 2118 2117 1875 1876 1887 1886
 2107 2108 2119 2118 1876 1877 1888 1887
 2108 2109 2120 2119 1877 1878 1889 1888
 2109 2110 2121 2120 1878 1879 1890 1889
 2110 2111 2122 2121 1879 1880 1891 1890
 2111 2112 2123 2122 1880 1881 1892 1891
 2113 2114 2125 2124 1882 1883 1894 1893
 2114 2115 2126 2125 1883 1884 1895 1894
 2115 2116 2127 2126 1884 1885 1896 1895
 2116 2117 2128 2127 1885 1886 1897 1896
 2117 2118 2129 2128 1886 1887 1898 1897
 2118 2119 2130 2129 1887 1888 1899 1898
 2119 2120 2131 2130 1888 1889 1900 1899
 2120 2121 2132 2131 1889 1890 1901 1900
 2121 2122 2133 2132 1890 1891 1902 1901
 2122 2123 2134 2133 1891 1892 1903 1902
 2124 2125 2136 2135 1893 1894 1905 1904
 2125 2126 2137 2136 1894 1895 1906 1905
 2126 2127 2138 2137 1895 1896 1907 1906
 2127 2128 2139 2138 1896 1897 1908 1907
 2128 2129 2140 2139 1897 1898 1909 1908
 2129 2130 2141 2140 1898 1899 1910 1909
 2130 2131 2142 2141 1899 1900 1911 1910
 2131 2132 2143 2142 1900 1901 1912 1911
 2132 2133 2144 2143 1901 1902 1913 1912
 2133 2134 2145 2144 1902 1903 1914 1913
 2135 2136 2147 2146 1904 1905 1916 1915
 2136 2137 2148 2147 1905 1906 1917 1916
 2137 2138 2149 2148 1906 1907 1918 1917
 2138 2139 2150 2149 1907 1908 1919 1918
 2139 2140 2151 2150 1908 1909 1920 1919
 2140 2141 2152 2151 1909 1910 1921 1920
 2141 2142 2153 2152 1910 1911 1922 1921
 2142 2143 2154 2153 1911 1912 1923 1922
 2143 2144 2155 2154 1912 1913 1924 1923
 2144 2145 2156 2155 1913 1914 1925 1924
 2146 2147 2158 2157 1915 1916 1927 1926
 2147 2148 2159 2158 1916 1917 1928 1927
 2148 2149 2160 2159 1917 1918 1929 1928
 2149 2150 2161 2160 1918 1919 1930 1929
 2150 2151 2162 2161 1919 1920 1931 1930
 2151 2152 2163 2162 1920 1921 1932 1931
 2152 2153 2164 2163 1921 1922 1933 1932
 2153 2154 2165 2164 1922 1923 1934 1933
 2154 2155 2166 2165 1923 1924 1935 1934
 2155 2156 2167 2166 1924 1925 1936 1935
 2157 2158 2169 2168 1926 1927 1938 1937
 2158 2159 2170 2169 1927 1928 1939 1938
 2159 2160 2171 2170 1928 1929 1940 1939
 2160 2161 2172 2171 1929 1930 1941 1940
 2161 2162 2173 2172 1930 1931 1942 1941
 2162 2163 2174 2173 1931 1932 1943 1942
 2163 2164 2175 2174 1932 1933 1944 1943
 2164 2165 2176 2175 1933 1934 1945 1944
 2165 2166 2177 2176 1934 1935 1946 1945
 2166 2167 2178 2177 1935 1936 1947 1946
 2168 2169 2180 2179 1937 1938 1949 1948
 2169 2170 2181 2180 1938 1939 1950 1949
 2170 2171 2182 2181 1939 1940 1951 1950
 2171 2172 2183 2182 1940 1941 1952 1951
 2172 2173 2184 2183 1941 1942 1953 1952
 2173 2174 2185 2184 1942 1943 1954 1953
 2174 2175 2186 2185 1943 1944 1955 1954
 2175 2176 2187 2186 1944 1945 1956 1955
 2176 2177 2188 2187 1945 1946 1957 1956
 2177 2178 2189 2188 1946 1947 1958 1957
 2179 2180 2191 2190 1948 1949 1960 1959
 2180 2181 2192 2191 1949 1950 1961 1960
 2181 2182 2193 2192 1950 1951 1962 1961
 2182 2183 2194 2193 1951 1952 1963 1962
 2183 2184 2195 2194 1952 1953 1964 1963
 2184 2185 2196 2195 1953 1954 1965 1964
 2185 2186 2197 2196 1954 1955 1966 1965
 2186 2187 2198 2197 1955 1956 1967 1966
 2187 2188 2199 2198 1956 1957 1968 1967
 2188 2189 2200 2199 1957 1958 1969 1968
 2190 2191 2202 2201 1959 1960 1971 1970
 2191 2192 2203 2202 1960 1961 1972 1971
 2192 2193 2204 2203 1961 1962 1973 1972
 2193 2194 2205 2204 1962 1963 1974 1973
 2194 2195 2206 2205 1963 1964 1975 1974
 2195 2196 2207 2206 1964 1965 1976 1975
 2196 2197 2208 2207 1965 1966 1977 1976
 2197 2198 2209 2208 1966 1967 1978 1977
 2198 2199 2210 2209 1967 1968 1979 1978
 2199 2200 2211 2210 1968 1969 1980 1979
 2201 2202 2213 2212 1970 1971 1982 1981
 2202 2203 2214 2213 1971 1972 1983 1982
 2203 2204 2215 2214 1972 1973 1984 1983
 2204 2205 2216 2215 1973 1974 1985 1984
 2205 2206 2217 2216 1974 1975 1986 1985
 2206 2207 2218 2217 1975 1976 1987 1986
 2207 2208 2219 2218 1976 1977 1988 1987
 2208 2209 2220 2219 1977 1978 1989 1988
 2209 2210 2221 2220 1978 1979 1990 1989
 2210 2211 2222 2221 1979 1980 1991 1990
 2212 2213 2224 2223 1981 1982 1993 1992
 2213 2214 2225 2224 1982 1983 1994 1993
 2214 2215 2226 2225 1983 1984 1995 1994
 2215 2216 2227 2226 1984 1985 1996 1995
 2216 2217 2228 2227 1985 1986 1997 1996
 2217 2218 2229 2228 1986 1987 1998 1997
 2218 2219 2230 2229 1987 1988 1999 1998
 2219 2220 2231 2230 1988 1989 2000 1999
 2220 2221 2232 2231 1989 1990 2001 2000
 2221 2222 2233 2232 1990 1991 2002 2001
 2223 2224 2235 2234 1992 1993 2004 2003
 2224 2225 2236 2235 1993 1994 2005 2004
 2225 2226 2237 2236 1994 1995 2006 2005
 2226 2227 2238 2237 1995 1996 2007 2006
 2227 2228 2239 2238 1996 1997 2008 2007
 2228 2229 2240 2239 1997 1998 2009 2008
 2229 2230 2241 2240 1998 1999 2010 2009
 2230 2231 2242 2241 1999 2000 2011 2010
 2231 2232 2243 2242 2000 2001 2012 2011
 2232 2233 2244 2243 2001 2002 2013 2012
 2234 2235 2246 2245 2003 2004 2015 2014
 2235 2236 2247 2246 2004 2005 2016 2015
 2236 2237 2248 2247 2005 2006 2017 2016
 2237 2238 2249 2248 2006 2007 2018 2017
 2238 2239 2250 2249 2007 2008 2019 2018
 2239 2240 2251 2250 2008 2009 2020 2019
 2240 2241 2252 2251 2009 2010 2021 2020
 2241 2242 2253 2252 2010 2011 2022 2021
 2242 2243 2254 2253 2011 2012 2023 2022
 2243 2244 2255 2254 2012 2013 2024 2023
 2245 2246 2257 2256 2014 2015 2026 2025
 2246 2247 2258 2257 2015 2016 2027 2026
 2247 2248 2259 2258 2016 2017 2028 2027
 2248 2249 2260 2259 2017 2018 2029 2028
 2249 2250 2261 2260 2018 2019 2030 2029
 2250 2251 2262 2261 2019 2020 2031 2030
 2251 2252 2263 2262 2020 2021 2032 2031
 2252 2253 2264 2263 2021 2022 2033 2032
 2253 2254 2265 2264 2022 2023 2034 2033
 2254 2255 2266 2265 2023 2024 2035 2034
 2256 2257 2268 2267 2025 2026 2037 2036
 2257 2258 2269 2268 2026 2027 2038 2037
 2258 2259 2270 2269 2027 2028 2039 2038
 2259 2260 2271 2270 2028 2029 2040 2039
 2260 2261 2272 2271 2029 2030 2041 2040
 2261 2262 2273 2272 2030 2031 2042 2041
 2262 2263 2274 2273 2031 2032 2043 2042
 2263 2264 2275 2274 2032 2033 2044 2043
 2264 2265 2276 2275 2033 2034 2045 2044
 2265 2266 2277 2276 2034 2035 2046 2045
 2267 2268 2279 2278 2036 2037 2048 2047
 2268 2269 2280 2279 2037 2038 2049 2048
 2269 2270 2281 2280 2038 2039 2050 2049
 2270 2271 2282 2281 2039 2040 2051 2050
 2271 2272 2283 2282 2040 2041 2052 2051
 2272 2273 2284 2283 2041 2042 2053 2052
 2273 2274 2285 2284 2042 2043 2054 2053
 2274 2275 2286 2285 2043 2044 2055 2054
 2275 2276 2287 2286 2044 2045 2056 2055
 2276 2277 2288 2287 2045 2046 2057 2056
 2278 2279 2290 2289 2047 2048 2059 2058
 2279 2280 2291 2290 2048 2049 2060 2059
 2280 2281 2292 2291 2049 2050 2061 2060
 2281 2282 2293 2292 2050 2051 2062 2061
 2282 2283 2294 2293 2051 2052 2063 2062
 2283 2284 2295 2294 2052 2053 2064 2063
 2284 2285 2296 2295 2053 2054 2065 2064
 2285 2286 2297 2296 2054 2055 2066 2065
 2286 2287 2298 2297 2055 2056 2067 2066
 2287 2288 2299 2298 2056 2057 2068 2067
 2289 2290 2301 2300 2058 2059 2070 2069
 2290 2291 2302 2301 2059 2060 2071 2070
 2291 2292 2303 2302 2060 2061 2072 2071
 2292 2293 2304 2303 2061 2062 2073 2072
 2293 2294 2305 2304 2062 2063 2074 2073
 2294 2295 2306 2305 2063 2064 2075 2074
 2295 2296 2307 2306 2064 2065 2076 2075
 2296 2297 2308 2307 2065 2066 2077 2076
 2297 2298 2309 2308 2066 2067 2078 2077
 2298 2299 2310 2309 2067 2068 2079 2078
 2311 2312 2323 2322 2080 2081 2092 2091
 2312 2313 2324 2323 2081 2082 2093 2092
 2313 2314 2325 2324 2082 2083 2094 2093
 2314 2315 2326 2325 2083 2084 2095 2094
 2315 2316 2327 2326 2084 2085 2096 2095
 2316 2317 2328 2327 2085 2086 2097 2096
 2317 2318 2329 2328 2086 2087 2098 2097
 2318 2319 2330 2329 2087 2088 2099 2098
 2319 2320 2331 2330 2088 2089 2100 2099
 2320 2321 2332 2331 2089 2090 2101 2100
 2322 2323 2334 2333 2091 2092 2103 2102
 2323 2324 2335 2334 2092 2093 2104 2103
 2324 2325 2336 2335 2093 2094 2105 2104
 2325 2326 2337 2336 2094 2095 2106 2105
 2326 2327 2338 2337 2095 2096 2107 2106
 2327 2328 2339 2338 2096 2097 2108 2107
 2328 2329 2340 2339 2097 2098 2109 2108
 2329 2330 2341 2340 2098 2099 2110 2109
 2330 2331 2342 2341 2099 2100 2111 2110
 2331 2332 2343 2342 2100 2101 2112 2111
 2333 2334 2345 2344 2102 2103 2114 2113
 2334 2335 2346 2345 2103 2104 2115 2114
 2335 2336 2347 2346 2104 2105 2116 2115
 2336 2337 2348 2347 2105 2106 2117 2116
 2337 2338 2349 2348 2106 2107 2118 2117
 2338 2339 2350 2349 2107 2108 2119 2118
 2339 2340 2351 2350 2108 2109 2120 2119
 2340 2341 2352 2351 2109 2110 2121 2120
 2341 2342 2353 2352 2110 2111 2122 2121
 2342 2343 2354 2353 2111 2112 2123 2122
 2344 2345 2356 2355 2113 2114 2125 2124
 2345 2346 2357 2356 2114 2115 2126 2125
 2346 2347 2358 2357 2115 2116 2127 2126
 2347 2348 2359 2358 2116 2117 2128 2127
 2348 2349 2360 2359 2117 2118 2129 2128
 2349 2350 2361 2360 2118 2119 2130 2129
 2350 2351 2362 2361 2119 2120 2131 2130
 2351 2352 2363 2362 2120 2121 2132 2131
 2352 2353 2364 2363 2121 2122 2133 2132
 2353 2354 2365 2364 2122 2123 2134 2133
 2355 2356 2367 2366 2124 2125 2136 2135
 2356 2357 2368 2367 2125 2126 2137 2136
 2357 2358 2369 2368 2126 2127 2138 2137
 2358 2359 2370 2369 2127 2128 2139 2138
 2359 2360 2371 2370 2128 2129 2140 2139
 2360 2361 2372 2371 2129 2130 2141 2140
 2361 2362 2373 2372 2130 2131 2142 2141
 2362 2363 2374 2373 2131 2132 2143 2142
 2363 2364 2375 2374 2132 2133 2144 2143
 2364 2365 2376 2375 2133 2134 2145 2144
 2366 2367 2378 2377 2135 2136 2147 2146
 2367 2368 2379 2378 2136 2137 2148 2147
 2368 2369 2380 2379 2137 2138 2149 2148
 2369 2370 2381 2380 2138 2139 2150 2149
 2370 2371 2382 2381 2139 2140 2151 2150
 2371 2372 2383 2382 2140 2141 2152 2151
 2372 2373 2384 2383 2141 2142 2153 2152
 2373 2374 2385 2384 2142 2143 2154 2153
 2374 2375 2386 2385 2143 2144 2155 2154
 2375 2376 2387 2386 2144 2145 2156 2155
 2377 2378 2389 2388 2146 2147 2158 2157
 2378 2379 2390 2389 2147 2148 2159 2158
 2379 2380 2391 2390 2148 2149 2160 2159
 2380 2381 2392 2391 2149 2150 2161 2160
 2381 2382 2393 2392 2150 2151 2162 2161
 2382 2383 2394 2393 2151 2152 2163 2162
 2383 2384 2395 2394 2152 2153 2164 2163
 2384 2385 2396 2395 2153 2154 2165 2164
 2385 2386 2397 2396 2154 2155 2166 2165
 2386 2387 2398 2397 2155 2156 2167 2166
 2388 2389 2400 2399 2157 2158 2169 2168
 2389 2390 2401 2400 2158 2159 2170 2169
 2390 2391 2402 2401 2159 2160 2171 2170
 2391 2392 2403 2402 2160 2161 2172 2171
 2392 2393 2404 2403 2161 2162 2173 2172
 2393 2394 2405 2404 2162 2163 2174 2173
 2394 2395 2406 2405 2163 2164 2175 2174
 2395 2396 2407 2406 2164 2165 2176 2175
 2396 2397 2408 2407 2165 2166 2177 2176
 2397 2398 2409 2408 2166 2167 2178 2177
 2399 2400 2411 2410 2168 2169 2180 2179
 2400 2401 2412 2411 2169 2170 2181 2180
 2401 2402 2413 2412 2170 2171 2182 2181
 2402 2403 2414 2413 2171 2172 2183 2182
 2403 2404 2415 2414 2172 2173 2184 2183
 2404 2405 2416 2415 2173 2174 2185 2184
 2405 2406 2417 2416 2174 2175 2186 2185
 2406 2407 2418 2417 2175 2176 2187 2186
 2407 2408 2419 2418 2176 2177 2188 2187
 2408 2409 2420 2419 2177 2178 2189 2188
 2410 2411 2422 2421 2179 2180 2191 2190
 2411 2412 2423 2422 2180 2181 2192 2191
 2412 2413 2424 2423 2181 2182 2193 2192
 2413 2414 2425 2424 2182 2183 2194 2193
 2414 2415 2426 2425 2183 2184 2195 2194
 2415 2416 2427 2426 2184 2185 2196 2195
 2416 2417 2428 2427 2185 2186 2197 2196
 2417 2418 2429 2428 2186 2187 2198 2197
 2418 2419 2430 2429 2187 2188 2199 2198
 2419 2420 2431 2430 2188 2189 2200 2199
 2421 2422 2433 2432 2190 2191 2202 2201
 2422 2423 2434 2433 2191 2192 2203 2202
 2423 2424 2435 2434 2192 2193 2204 2203
 2424 2425 2436 2435 2193 2194 2205 2204
 2425 2426 2437 2436 2194 2195 2206 2205
 2426 2427 2438 2437 2195 2196 2207 2206
 2427 2428 2439 2438 2196 2197 2208 2207
 2428 2429 2440 2439 2197 2198 2209 2208
 2429 2430 2441 2440 2198 2199 2210 2209
 2430 2431 2442 2441 2199 2200 2211 2210
 2432 2433 2444 2443 2201 2202 2213 2212
 2433 2434 2445 2444 2202 2203 2214 2213
 2434 2435 2446 2445 2203 2204 2215 2214
 2435 2436 2447 2446 2204 2205 2216 2215
 2436 2437 2448 2447 2205 2206 2217 2216
 2437 2438 2449 2448 2206 2207 2218 2217
 2438 2439 2450 2449 2207 2208 2219 2218
 2439 2440 2451 2450 2208 2209 2220 2219
 2440 2441 2452 2451 2209 2210 2221 2220
 2441 2442 2453 2452 2210 2211 2222 2221
 2443 2444 2455 2454 2212 2213 2224 2223
 2444 2445 2456 2455 2213 2214 2225 2224
 2445 2446 2457 2456 2214 2215 2226 2225
 2446 2447 2458 2457 2215 2216 2227 2226
 2447 2448 2459 2458 2216 2217 2228 2227
 2448 2449 2460 2459 2217 2218 2229 2228
 2449 2450 2461 2460 2218 2219 2230 2229
 2450 2451 2462 2461 2219 2220 2231 2230
 2451 2452 2463 2462 2220 2221 2232 2231
 2452 2453 2464 2463 2221 2222 2233 2232
 2454 2455 2466 2465 2223 2224 2235 2234
 2455 2456 2467 2466 2224 2225 2236 2235
 2456 2457 2468 2467 2225 2226 2237 2236
 2457 2458 2469 2468 2226 2227 2238 2237
 2458 2459 2470 2469 2227 2228 2239 2238
 2459 2460 2471 2470 2228 2229 2240 2239
 2460 2461 2472 2471 2229 2230 2241 2240
 2461 2462 2473 2472 2230 2231 2242 2241
 2462 2463 2474 2473 2231 2232 2243 2242
 2463 2464 2475 2474 2232 2233 2244 2243
 2465 2466 2477 2476 2234 2235 2246 2245
 2466 2467 2478 2477 2235 2236 2247 2246
 2467 2468 2479 2478 2236 2237 2248 2247
 2468 2469 2480 2479 2237 2238 2249 2248
 2469 2470 2481 2480 2238 2239 2250 2249
 2470 2471 2482 2481 2239 2240 2251 2250
 2471 2472 2483 2482 2240 2241 2252 2251
 2472 2473 2484 2483 2241 2242 2253 2252
 2473 2474 2485 2484 2242 2243 2254 2253
 2474 2475 2486 2485 2243 2244 2255 2254
 2476 2477 2488 2487 2245 2246 2257 2256
 2477 2478 2489 2488 2246 2247 2258 2257
 2478 2479 2490 2489 2247 2248 2259 2258
 2479 2480 2491 2490 2248 2249 2260 2259
 2480 2481 2492 2491 2249 2250 2261 2260
 2481 2482 2493 2492 2250 2251 2262 2261
 2482 2483 2494 2493 2251 2252 2263 2262
 2483 2484 2495 2494 2252 2253 2264 2263
 2484 2485 2496 2495 2253 2254 2265 2264
 2485 2486 2497 2496 2254 2255 2266 2265
 2487 2488 2499 2498 2256 2257 2268 2267
 2488 2489 2500 2499 2257 2258 2269 2268
 2489 2490 2501 2500 2258 2259 2270 2269
 2490 2491 2502 2501 2259 2260 2271 2270
 2491 2492 2503 2502 2260 2261 2272 2271
 2492 2493 2504 2503 2261 2262 2273 2272
 2493 2494 2505 2504 2262 2263 2274 2273
 2494 2495 2506 2505 2263 2264 2275 2274
 2495 2496 2507 2506 2264 2265 2276 2275
 2496 2497 2508 2507 2265 2266 2277 2276
 2498 2499 2510 2509 2267 2268 2279 2278
 2499 2500 2511 2510 2268 2269 2280 2279
 2500 2501 2512 2511 2269 2270 2281 2280
 2501 2502 2513 2512 2270 2271 2282 2281
 2502 2503 2514 2513 2271 2272 2283 2282
 2503 2504 2515 2514 2272 2273 2284 2283
 2504 2505 2516 2515 2273 2274 2285 2284
 2505 2506 2517 2516 2274 2275 2286 2285
 2506 2507 2518 2517 2275 2276 2287 2286
 2507 2508 2519 2518 2276 2277 2288 2287
 2509 2510 2521 2520 2278 2279 2290 2289
 2510 2511 2522 2521 2279 2280 2291 2290
 2511 2512 2523 2522 2280 2281 2292 2291
 2512 2513 2524 2523 2281 2282 2293 2292
 2513 2514 2525 2524 2282 2283 2294 2293
 2514 2515 2526 2525 2283 2284 2295 2294
 2515 2516 2527 2526 2284 2285 2296 2295
 2516 2517 2528 2527 2285 2286 2297 2296
 2517 2518 2529 2528 2286 2287 2298 2297
 2518 2519 2530 2529 2287 2288 2299 2298
 2520 2521 2532 2531 2289 2290 2301 2300
 2521 2522 2533 2532 2290 2291 2302 2301
 2522 2523 2534 2533 2291 2292 2303 2302
 2523 2524 2535 2534 2292 2293 2304 2303
 2524 2525 2536 2535 2293 2294 2305 2304
 2525 2526 2537 2536 2294 2295 2306 2305
 2526 2527 2538 2537 2295 2296 2307 2306
 2527 2528 2539 2538 2296 2297 2308 2307
 2528 2529 2540 2539 2297 2298 2309 2308
 2529 2530 2541 2540 2298 2299 2310 2309
