  30.0              0.0               50.
  17.0              0.0               50.
  0.0               -17.0             50.
  0.0               -30.0             50.
  30.0              -30.0             50.
  -17.0             0.0               50.
  -30.0             0.0               50.
  -30.0             -30.0             50.
  0.0               17.0              50.
  0.0               30.0              50.
  -30.0             30.0              50.
  30.0              30.0              50.
  23.5148907        0.0               50.
  16.6444798        -3.4585135        50.
  15.6312389        -6.68314171       50.
  14.0737019        -9.53577042       50.
  12.0507889        -11.9907665       50.
  9.58952618        -14.0371294       50.
  6.69178486        -15.6275406       50.
  3.43568897        -16.6492062       50.
  0.0               -23.5154133       50.
  4.70845747        -30.0             50.
  9.63367748        -30.0             50.
  15.2083101        -30.0             50.
  21.9542789        -30.0             50.
  30.0              -22.0019016       50.
  30.0              -15.2388258       50.
  30.0              -9.61121082       50.
  30.0              -4.65223694       50.
  -23.5155468       0.0               50.
  -30.0             -4.70845795       50.
  -30.0             -9.63367844       50.
  -30.0             -15.2083101       50.
  -30.0             -21.9542789       50.
  -22.0019016       -30.0             50.
  -15.2388258       -30.0             50.
  -9.61120987       -30.0             50.
  -4.65223646       -30.0             50.
  -3.4459734        -16.6470795       50.
  -6.6856823        -15.6301517       50.
  -9.55327129       -14.0618286       50.
  -12.0034485       -12.0381565       50.
  -14.0429668       -9.58097458       50.
  -15.6290874       -6.68817139       50.
  -16.6494083       -3.43470955       50.
  -16.644474        3.45853424        50.
  -15.6312361       6.68314695        50.
  -14.0737019       9.53577042        50.
  -12.0507889       11.9907665        50.
  -9.58952618       14.0371294        50.
  -6.69178486       15.6275406        50.
  -3.43568897       16.6492062        50.
  0.0               23.5154133        50.
  -4.70845747       30.0              50.
  -9.63367748       30.0              50.
  -15.2083101       30.0              50.
  -21.9542789       30.0              50.
  -30.0             22.0019016        50.
  -30.0             15.2388258        50.
  -30.0             9.61121082        50.
  -30.0             4.65223694        50.
  30.0              4.70845795        50.
  30.0              9.63367844        50.
  30.0              15.2083101        50.
  30.0              21.9542789        50.
  22.0019016        30.0              50.
  15.2388258        30.0              50.
  9.61120987        30.0              50.
  4.65223646        30.0              50.
  3.4459734         16.6470795        50.
  6.6856823         15.6301517        50.
  9.55327129        14.0618286        50.
  12.0034485        12.0381565        50.
  14.0429659        9.58097649        50.
  15.6290827        6.68818092        50.
  16.6494026        3.43473125        50.
  20.7027473        -20.6956844       50.
  23.4942837        -4.34135866       50.
  23.0417175        -8.88638115       50.
  22.2170448        -14.0271816       50.
  4.35094357        -23.4937935       50.
  8.89707756        -23.0162125       50.
  14.0333328        -22.1858063       50.
  -20.6981831       -20.7022781       50.
  -23.4943218       -4.35058451       50.
  -23.0178299       -8.89614868       50.
  -22.1895981       -14.0315914       50.
  -4.34178543       -23.4941673       50.
  -8.88621521       -23.0367737       50.
  -14.0288382       -22.2130508       50.
  -20.7027473       20.6956844        50.
  -23.49436         4.3414588         50.
  -23.0417156       8.88640404        50.
  -22.2170429       14.0271883        50.
  -4.35094357       23.4937935        50.
  -8.89707756       23.0162125        50.
  -14.0333328       22.1858063        50.
  20.6981831        20.7022781        50.
  23.4943943        4.35069418        50.
  23.0178261        8.89617252        50.
  22.1896           14.0315971        50.
  4.34178543        23.4941673        50.
  8.88621521        23.0367737        50.
  14.0288382        22.2130508        50.
  0.0               0.0               50.
  -13.3351822       0.0247345567      50.
  -9.94364548       0.0254741311      50.
  -6.63527155       0.0284822583      50.
  -3.31941986       0.0205911398      50.
  0.0138865113      3.3477087         50.
  0.0243428946      6.66651726        50.
  0.0209095478      9.96436501        50.
  0.0178673863      13.3195553        50.
  3.34433627        -0.0134705901     50.
  6.66004419        -0.0254814029     50.
  9.95391083        -0.0256608725     50.
  13.3053474        -0.031149745      50.
  -0.0126399994     -13.3496056       50.
  -0.0179837942     -9.95389938       50.
  -0.02536726       -6.64148712       50.
  -0.0202283263     -3.32266974       50.
  -10.9656315       10.8951035        50.
  -3.25545406       13.0672588        50.
  -6.33925343       12.4403591        50.
  -9.00751114       11.6275949        50.
  -11.6633644       9.00287628        50.
  -12.4759855       6.35304737        50.
  -13.0799398       3.27528715        50.
  -9.77558708       3.24124098        50.
  -6.52415848       3.27811313        50.
  -3.26053524       3.31978989        50.
  -9.44488811       6.3058176         50.
  -6.36457825       6.43055201        50.
  -3.19737482       6.5640626         50.
  -9.09814548       9.11045456        50.
  -6.2476759        9.45518875        50.
  -3.16989899       9.7627182         50.
  10.9193401        10.9460583        50.
  3.28912544        13.0813313        50.
  6.35442019        12.4529762        50.
  8.9955616         11.6447296        50.
  13.0651274        3.25058174        50.
  12.445569         6.33188295        50.
  11.6407719        8.99424362        50.
  3.24198651        9.78358841        50.
  3.27632689        6.5354743         50.
  3.31651688        3.27087212        50.
  6.31040573        9.4371891         50.
  6.43226051        6.36452198        50.
  6.56229067        3.19939566        50.
  9.11438274        9.08695221        50.
  9.45813847        6.24275684        50.
  9.75986671        3.16676831        50.
  -10.9193401       -10.9460583       50.
  -3.28781891       -13.0888443       50.
  -6.35409355       -12.454855        50.
  -8.99547958       -11.6451998       50.
  -13.072588        -3.2521801        50.
  -12.4474354       -6.33228016       50.
  -11.6412392       -8.99434185       50.
  -3.24092865       -9.78285027       50.
  -3.27631855       -6.52903223       50.
  -3.31187105       -3.26122189       50.
  -6.31005955       -9.43747425       50.
  -6.43217182       -6.36298275       50.
  -6.554914         -3.19584799       50.
  -9.11439228       -9.08716583       50.
  -9.45858574       -6.2425251        50.
  -9.75743294       -3.16626978       50.
  10.9656315        -10.8951035       50.
  3.25676084        -13.0747719       50.
  6.33958054        -12.4422369       50.
  9.00759315        -11.6280651       50.
  11.6633644        -9.00287628       50.
  12.4759865        -6.35304594       50.
  13.0724831        -3.27688527       50.
  9.77628899        -3.2416873        50.
  6.53052711        -3.2774744        50.
  3.26677132        -3.31159067       50.
  9.44506359        -6.30592918       50.
  6.36621428        -6.43041992       50.
  3.19908667        -6.55572224       50.
  9.09820938        -9.11059952       50.
  6.24818325        -9.45566177       50.
  3.17151165        -9.76001358       50.
  30.0              0.0               42.
  17.0              0.0               42.
  0.0               -17.0             42.
  0.0               -30.0             42.
  30.0              -30.0             42.
  -17.0             0.0               42.
  -30.0             0.0               42.
  -30.0             -30.0             42.
  0.0               17.0              42.
  0.0               30.0              42.
  -30.0             30.0              42.
  30.0              30.0              42.
  23.5148907        0.0               42.
  16.6444798        -3.4585135        42.
  15.6312389        -6.68314171       42.
  14.0737019        -9.53577042       42.
  12.0507889        -11.9907665       42.
  9.58952618        -14.0371294       42.
  6.69178486        -15.6275406       42.
  3.43568897        -16.6492062       42.
  0.0               -23.5154133       42.
  4.70845747        -30.0             42.
  9.63367748        -30.0             42.
  15.2083101        -30.0             42.
  21.9542789        -30.0             42.
  30.0              -22.0019016       42.
  30.0              -15.2388258       42.
  30.0              -9.61121082       42.
  30.0              -4.65223694       42.
  -23.5155468       0.0               42.
  -30.0             -4.70845795       42.
  -30.0             -9.63367844       42.
  -30.0             -15.2083101       42.
  -30.0             -21.9542789       42.
  -22.0019016       -30.0             42.
  -15.2388258       -30.0             42.
  -9.61120987       -30.0             42.
  -4.65223646       -30.0             42.
  -3.4459734        -16.6470795       42.
  -6.6856823        -15.6301517       42.
  -9.55327129       -14.0618286       42.
  -12.0034485       -12.0381565       42.
  -14.0429668       -9.58097458       42.
  -15.6290874       -6.68817139       42.
  -16.6494083       -3.43470955       42.
  -16.644474        3.45853424        42.
  -15.6312361       6.68314695        42.
  -14.0737019       9.53577042        42.
  -12.0507889       11.9907665        42.
  -9.58952618       14.0371294        42.
  -6.69178486       15.6275406        42.
  -3.43568897       16.6492062        42.
  0.0               23.5154133        42.
  -4.70845747       30.0              42.
  -9.63367748       30.0              42.
  -15.2083101       30.0              42.
  -21.9542789       30.0              42.
  -30.0             22.0019016        42.
  -30.0             15.2388258        42.
  -30.0             9.61121082        42.
  -30.0             4.65223694        42.
  30.0              4.70845795        42.
  30.0              9.63367844        42.
  30.0              15.2083101        42.
  30.0              21.9542789        42.
  22.0019016        30.0              42.
  15.2388258        30.0              42.
  9.61120987        30.0              42.
  4.65223646        30.0              42.
  3.4459734         16.6470795        42.
  6.6856823         15.6301517        42.
  9.55327129        14.0618286        42.
  12.0034485        12.0381565        42.
  14.0429659        9.58097649        42.
  15.6290827        6.68818092        42.
  16.6494026        3.43473125        42.
  20.7027473        -20.6956844       42.
  23.4942837        -4.34135866       42.
  23.0417175        -8.88638115       42.
  22.2170448        -14.0271816       42.
  4.35094357        -23.4937935       42.
  8.89707756        -23.0162125       42.
  14.0333328        -22.1858063       42.
  -20.6981831       -20.7022781       42.
  -23.4943218       -4.35058451       42.
  -23.0178299       -8.89614868       42.
  -22.1895981       -14.0315914       42.
  -4.34178543       -23.4941673       42.
  -8.88621521       -23.0367737       42.
  -14.0288382       -22.2130508       42.
  -20.7027473       20.6956844        42.
  -23.49436         4.3414588         42.
  -23.0417156       8.88640404        42.
  -22.2170429       14.0271883        42.
  -4.35094357       23.4937935        42.
  -8.89707756       23.0162125        42.
  -14.0333328       22.1858063        42.
  20.6981831        20.7022781        42.
  23.4943943        4.35069418        42.
  23.0178261        8.89617252        42.
  22.1896           14.0315971        42.
  4.34178543        23.4941673        42.
  8.88621521        23.0367737        42.
  14.0288382        22.2130508        42.
  0.0               0.0               42.
  -13.3351822       0.0247345567      42.
  -9.94364548       0.0254741311      42.
  -6.63527155       0.0284822583      42.
  -3.31941986       0.0205911398      42.
  0.0138865113      3.3477087         42.
  0.0243428946      6.66651726        42.
  0.0209095478      9.96436501        42.
  0.0178673863      13.3195553        42.
  3.34433627        -0.0134705901     42.
  6.66004419        -0.0254814029     42.
  9.95391083        -0.0256608725     42.
  13.3053474        -0.031149745      42.
  -0.0126399994     -13.3496056       42.
  -0.0179837942     -9.95389938       42.
  -0.02536726       -6.64148712       42.
  -0.0202283263     -3.32266974       42.
  -10.9656315       10.8951035        42.
  -3.25545406       13.0672588        42.
  -6.33925343       12.4403591        42.
  -9.00751114       11.6275949        42.
  -11.6633644       9.00287628        42.
  -12.4759855       6.35304737        42.
  -13.0799398       3.27528715        42.
  -9.77558708       3.24124098        42.
  -6.52415848       3.27811313        42.
  -3.26053524       3.31978989        42.
  -9.44488811       6.3058176         42.
  -6.36457825       6.43055201        42.
  -3.19737482       6.5640626         42.
  -9.09814548       9.11045456        42.
  -6.2476759        9.45518875        42.
  -3.16989899       9.7627182         42.
  10.9193401        10.9460583        42.
  3.28912544        13.0813313        42.
  6.35442019        12.4529762        42.
  8.9955616         11.6447296        42.
  13.0651274        3.25058174        42.
  12.445569         6.33188295        42.
  11.6407719        8.99424362        42.
  3.24198651        9.78358841        42.
  3.27632689        6.5354743         42.
  3.31651688        3.27087212        42.
  6.31040573        9.4371891         42.
  6.43226051        6.36452198        42.
  6.56229067        3.19939566        42.
  9.11438274        9.08695221        42.
  9.45813847        6.24275684        42.
  9.75986671        3.16676831        42.
  -10.9193401       -10.9460583       42.
  -3.28781891       -13.0888443       42.
  -6.35409355       -12.454855        42.
  -8.99547958       -11.6451998       42.
  -13.072588        -3.2521801        42.
  -12.4474354       -6.33228016       42.
  -11.6412392       -8.99434185       42.
  -3.24092865       -9.78285027       42.
  -3.27631855       -6.52903223       42.
  -3.31187105       -3.26122189       42.
  -6.31005955       -9.43747425       42.
  -6.43217182       -6.36298275       42.
  -6.554914         -3.19584799       42.
  -9.11439228       -9.08716583       42.
  -9.45858574       -6.2425251        42.
  -9.75743294       -3.16626978       42.
  10.9656315        -10.8951035       42.
  3.25676084        -13.0747719       42.
  6.33958054        -12.4422369       42.
  9.00759315        -11.6280651       42.
  11.6633644        -9.00287628       42.
  12.4759865        -6.35304594       42.
  13.0724831        -3.27688527       42.
  9.77628899        -3.2416873        42.
  6.53052711        -3.2774744        42.
  3.26677132        -3.31159067       42.
  9.44506359        -6.30592918       42.
  6.36621428        -6.43041992       42.
  3.19908667        -6.55572224       42.
  9.09820938        -9.11059952       42.
  6.24818325        -9.45566177       42.
  3.17151165        -9.76001358       42.
  30.0              0.0               35.
  17.0              0.0               35.
  0.0               -17.0             35.
  0.0               -30.0             35.
  30.0              -30.0             35.
  -17.0             0.0               35.
  -30.0             0.0               35.
  -30.0             -30.0             35.
  0.0               17.0              35.
  0.0               30.0              35.
  -30.0             30.0              35.
  30.0              30.0              35.
  23.5148907        0.0               35.
  16.6444798        -3.4585135        35.
  15.6312389        -6.68314171       35.
  14.0737019        -9.53577042       35.
  12.0507889        -11.9907665       35.
  9.58952618        -14.0371294       35.
  6.69178486        -15.6275406       35.
  3.43568897        -16.6492062       35.
  0.0               -23.5154133       35.
  4.70845747        -30.0             35.
  9.63367748        -30.0             35.
  15.2083101        -30.0             35.
  21.9542789        -30.0             35.
  30.0              -22.0019016       35.
  30.0              -15.2388258       35.
  30.0              -9.61121082       35.
  30.0              -4.65223694       35.
  -23.5155468       0.0               35.
  -30.0             -4.70845795       35.
  -30.0             -9.63367844       35.
  -30.0             -15.2083101       35.
  -30.0             -21.9542789       35.
  -22.0019016       -30.0             35.
  -15.2388258       -30.0             35.
  -9.61120987       -30.0             35.
  -4.65223646       -30.0             35.
  -3.4459734        -16.6470795       35.
  -6.6856823        -15.6301517       35.
  -9.55327129       -14.0618286       35.
  -12.0034485       -12.0381565       35.
  -14.0429668       -9.58097458       35.
  -15.6290874       -6.68817139       35.
  -16.6494083       -3.43470955       35.
  -16.644474        3.45853424        35.
  -15.6312361       6.68314695        35.
  -14.0737019       9.53577042        35.
  -12.0507889       11.9907665        35.
  -9.58952618       14.0371294        35.
  -6.69178486       15.6275406        35.
  -3.43568897       16.6492062        35.
  0.0               23.5154133        35.
  -4.70845747       30.0              35.
  -9.63367748       30.0              35.
  -15.2083101       30.0              35.
  -21.9542789       30.0              35.
  -30.0             22.0019016        35.
  -30.0             15.2388258        35.
  -30.0             9.61121082        35.
  -30.0             4.65223694        35.
  30.0              4.70845795        35.
  30.0              9.63367844        35.
  30.0              15.2083101        35.
  30.0              21.9542789        35.
  22.0019016        30.0              35.
  15.2388258        30.0              35.
  9.61120987        30.0              35.
  4.65223646        30.0              35.
  3.4459734         16.6470795        35.
  6.6856823         15.6301517        35.
  9.55327129        14.0618286        35.
  12.0034485        12.0381565        35.
  14.0429659        9.58097649        35.
  15.6290827        6.68818092        35.
  16.6494026        3.43473125        35.
  20.7027473        -20.6956844       35.
  23.4942837        -4.34135866       35.
  23.0417175        -8.88638115       35.
  22.2170448        -14.0271816       35.
  4.35094357        -23.4937935       35.
  8.89707756        -23.0162125       35.
  14.0333328        -22.1858063       35.
  -20.6981831       -20.7022781       35.
  -23.4943218       -4.35058451       35.
  -23.0178299       -8.89614868       35.
  -22.1895981       -14.0315914       35.
  -4.34178543       -23.4941673       35.
  -8.88621521       -23.0367737       35.
  -14.0288382       -22.2130508       35.
  -20.7027473       20.6956844        35.
  -23.49436         4.3414588         35.
  -23.0417156       8.88640404        35.
  -22.2170429       14.0271883        35.
  -4.35094357       23.4937935        35.
  -8.89707756       23.0162125        35.
  -14.0333328       22.1858063        35.
  20.6981831        20.7022781        35.
  23.4943943        4.35069418        35.
  23.0178261        8.89617252        35.
  22.1896           14.0315971        35.
  4.34178543        23.4941673        35.
  8.88621521        23.0367737        35.
  14.0288382        22.2130508        35.
  0.0               0.0               35.
  -13.3351822       0.0247345567      35.
  -9.94364548       0.0254741311      35.
  -6.63527155       0.0284822583      35.
  -3.31941986       0.0205911398      35.
  0.0138865113      3.3477087         35.
  0.0243428946      6.66651726        35.
  0.0209095478      9.96436501        35.
  0.0178673863      13.3195553        35.
  3.34433627        -0.0134705901     35.
  6.66004419        -0.0254814029     35.
  9.95391083        -0.0256608725     35.
  13.3053474        -0.031149745      35.
  -0.0126399994     -13.3496056       35.
  -0.0179837942     -9.95389938       35.
  -0.02536726       -6.64148712       35.
  -0.0202283263     -3.32266974       35.
  -10.9656315       10.8951035        35.
  -3.25545406       13.0672588        35.
  -6.33925343       12.4403591        35.
  -9.00751114       11.6275949        35.
  -11.6633644       9.00287628        35.
  -12.4759855       6.35304737        35.
  -13.0799398       3.27528715        35.
  -9.77558708       3.24124098        35.
  -6.52415848       3.27811313        35.
  -3.26053524       3.31978989        35.
  -9.44488811       6.3058176         35.
  -6.36457825       6.43055201        35.
  -3.19737482       6.5640626         35.
  -9.09814548       9.11045456        35.
  -6.2476759        9.45518875        35.
  -3.16989899       9.7627182         35.
  10.9193401        10.9460583        35.
  3.28912544        13.0813313        35.
  6.35442019        12.4529762        35.
  8.9955616         11.6447296        35.
  13.0651274        3.25058174        35.
  12.445569         6.33188295        35.
  11.6407719        8.99424362        35.
  3.24198651        9.78358841        35.
  3.27632689        6.5354743         35.
  3.31651688        3.27087212        35.
  6.31040573        9.4371891         35.
  6.43226051        6.36452198        35.
  6.56229067        3.19939566        35.
  9.11438274        9.08695221        35.
  9.45813847        6.24275684        35.
  9.75986671        3.16676831        35.
  -10.9193401       -10.9460583       35.
  -3.28781891       -13.0888443       35.
  -6.35409355       -12.454855        35.
  -8.99547958       -11.6451998       35.
  -13.072588        -3.2521801        35.
  -12.4474354       -6.33228016       35.
  -11.6412392       -8.99434185       35.
  -3.24092865       -9.78285027       35.
  -3.27631855       -6.52903223       35.
  -3.31187105       -3.26122189       35.
  -6.31005955       -9.43747425       35.
  -6.43217182       -6.36298275       35.
  -6.554914         -3.19584799       35.
  -9.11439228       -9.08716583       35.
  -9.45858574       -6.2425251        35.
  -9.75743294       -3.16626978       35.
  10.9656315        -10.8951035       35.
  3.25676084        -13.0747719       35.
  6.33958054        -12.4422369       35.
  9.00759315        -11.6280651       35.
  11.6633644        -9.00287628       35.
  12.4759865        -6.35304594       35.
  13.0724831        -3.27688527       35.
  9.77628899        -3.2416873        35.
  6.53052711        -3.2774744        35.
  3.26677132        -3.31159067       35.
  9.44506359        -6.30592918       35.
  6.36621428        -6.43041992       35.
  3.19908667        -6.55572224       35.
  9.09820938        -9.11059952       35.
  6.24818325        -9.45566177       35.
  3.17151165        -9.76001358       35.
  30.0              0.0               28.
  17.0              0.0               28.
  0.0               -17.0             28.
  0.0               -30.0             28.
  30.0              -30.0             28.
  -17.0             0.0               28.
  -30.0             0.0               28.
  -30.0             -30.0             28.
  0.0               17.0              28.
  0.0               30.0              28.
  -30.0             30.0              28.
  30.0              30.0              28.
  23.5148907        0.0               28.
  16.6444798        -3.4585135        28.
  15.6312389        -6.68314171       28.
  14.0737019        -9.53577042       28.
  12.0507889        -11.9907665       28.
  9.58952618        -14.0371294       28.
  6.69178486        -15.6275406       28.
  3.43568897        -16.6492062       28.
  0.0               -23.5154133       28.
  4.70845747        -30.0             28.
  9.63367748        -30.0             28.
  15.2083101        -30.0             28.
  21.9542789        -30.0             28.
  30.0              -22.0019016       28.
  30.0              -15.2388258       28.
  30.0              -9.61121082       28.
  30.0              -4.65223694       28.
  -23.5155468       0.0               28.
  -30.0             -4.70845795       28.
  -30.0             -9.63367844       28.
  -30.0             -15.2083101       28.
  -30.0             -21.9542789       28.
  -22.0019016       -30.0             28.
  -15.2388258       -30.0             28.
  -9.61120987       -30.0             28.
  -4.65223646       -30.0             28.
  -3.4459734        -16.6470795       28.
  -6.6856823        -15.6301517       28.
  -9.55327129       -14.0618286       28.
  -12.0034485       -12.0381565       28.
  -14.0429668       -9.58097458       28.
  -15.6290874       -6.68817139       28.
  -16.6494083       -3.43470955       28.
  -16.644474        3.45853424        28.
  -15.6312361       6.68314695        28.
  -14.0737019       9.53577042        28.
  -12.0507889       11.9907665        28.
  -9.58952618       14.0371294        28.
  -6.69178486       15.6275406        28.
  -3.43568897       16.6492062        28.
  0.0               23.5154133        28.
  -4.70845747       30.0              28.
  -9.63367748       30.0              28.
  -15.2083101       30.0              28.
  -21.9542789       30.0              28.
  -30.0             22.0019016        28.
  -30.0             15.2388258        28.
  -30.0             9.61121082        28.
  -30.0             4.65223694        28.
  30.0              4.70845795        28.
  30.0              9.63367844        28.
  30.0              15.2083101        28.
  30.0              21.9542789        28.
  22.0019016        30.0              28.
  15.2388258        30.0              28.
  9.61120987        30.0              28.
  4.65223646        30.0              28.
  3.4459734         16.6470795        28.
  6.6856823         15.6301517        28.
  9.55327129        14.0618286        28.
  12.0034485        12.0381565        28.
  14.0429659        9.58097649        28.
  15.6290827        6.68818092        28.
  16.6494026        3.43473125        28.
  20.7027473        -20.6956844       28.
  23.4942837        -4.34135866       28.
  23.0417175        -8.88638115       28.
  22.2170448        -14.0271816       28.
  4.35094357        -23.4937935       28.
  8.89707756        -23.0162125       28.
  14.0333328        -22.1858063       28.
  -20.6981831       -20.7022781       28.
  -23.4943218       -4.35058451       28.
  -23.0178299       -8.89614868       28.
  -22.1895981       -14.0315914       28.
  -4.34178543       -23.4941673       28.
  -8.88621521       -23.0367737       28.
  -14.0288382       -22.2130508       28.
  -20.7027473       20.6956844        28.
  -23.49436         4.3414588         28.
  -23.0417156       8.88640404        28.
  -22.2170429       14.0271883        28.
  -4.35094357       23.4937935        28.
  -8.89707756       23.0162125        28.
  -14.0333328       22.1858063        28.
  20.6981831        20.7022781        28.
  23.4943943        4.35069418        28.
  23.0178261        8.89617252        28.
  22.1896           14.0315971        28.
  4.34178543        23.4941673        28.
  8.88621521        23.0367737        28.
  14.0288382        22.2130508        28.
  0.0               0.0               28.
  -13.3351822       0.0247345567      28.
  -9.94364548       0.0254741311      28.
  -6.63527155       0.0284822583      28.
  -3.31941986       0.0205911398      28.
  0.0138865113      3.3477087         28.
  0.0243428946      6.66651726        28.
  0.0209095478      9.96436501        28.
  0.0178673863      13.3195553        28.
  3.34433627        -0.0134705901     28.
  6.66004419        -0.0254814029     28.
  9.95391083        -0.0256608725     28.
  13.3053474        -0.031149745      28.
  -0.0126399994     -13.3496056       28.
  -0.0179837942     -9.95389938       28.
  -0.02536726       -6.64148712       28.
  -0.0202283263     -3.32266974       28.
  -10.9656315       10.8951035        28.
  -3.25545406       13.0672588        28.
  -6.33925343       12.4403591        28.
  -9.00751114       11.6275949        28.
  -11.6633644       9.00287628        28.
  -12.4759855       6.35304737        28.
  -13.0799398       3.27528715        28.
  -9.77558708       3.24124098        28.
  -6.52415848       3.27811313        28.
  -3.26053524       3.31978989        28.
  -9.44488811       6.3058176         28.
  -6.36457825       6.43055201        28.
  -3.19737482       6.5640626         28.
  -9.09814548       9.11045456        28.
  -6.2476759        9.45518875        28.
  -3.16989899       9.7627182         28.
  10.9193401        10.9460583        28.
  3.28912544        13.0813313        28.
  6.35442019        12.4529762        28.
  8.9955616         11.6447296        28.
  13.0651274        3.25058174        28.
  12.445569         6.33188295        28.
  11.6407719        8.99424362        28.
  3.24198651        9.78358841        28.
  3.27632689        6.5354743         28.
  3.31651688        3.27087212        28.
  6.31040573        9.4371891         28.
  6.43226051        6.36452198        28.
  6.56229067        3.19939566        28.
  9.11438274        9.08695221        28.
  9.45813847        6.24275684        28.
  9.75986671        3.16676831        28.
  -10.9193401       -10.9460583       28.
  -3.28781891       -13.0888443       28.
  -6.35409355       -12.454855        28.
  -8.99547958       -11.6451998       28.
  -13.072588        -3.2521801        28.
  -12.4474354       -6.33228016       28.
  -11.6412392       -8.99434185       28.
  -3.24092865       -9.78285027       28.
  -3.27631855       -6.52903223       28.
  -3.31187105       -3.26122189       28.
  -6.31005955       -9.43747425       28.
  -6.43217182       -6.36298275       28.
  -6.554914         -3.19584799       28.
  -9.11439228       -9.08716583       28.
  -9.45858574       -6.2425251        28.
  -9.75743294       -3.16626978       28.
  10.9656315        -10.8951035       28.
  3.25676084        -13.0747719       28.
  6.33958054        -12.4422369       28.
  9.00759315        -11.6280651       28.
  11.6633644        -9.00287628       28.
  12.4759865        -6.35304594       28.
  13.0724831        -3.27688527       28.
  9.77628899        -3.2416873        28.
  6.53052711        -3.2774744        28.
  3.26677132        -3.31159067       28.
  9.44506359        -6.30592918       28.
  6.36621428        -6.43041992       28.
  3.19908667        -6.55572224       28.
  9.09820938        -9.11059952       28.
  6.24818325        -9.45566177       28.
  3.17151165        -9.76001358       28.
  30.0              0.0               21.
  17.0              0.0               21.
  0.0               -17.0             21.
  0.0               -30.0             21.
  30.0              -30.0             21.
  -17.0             0.0               21.
  -30.0             0.0               21.
  -30.0             -30.0             21.
  0.0               17.0              21.
  0.0               30.0              21.
  -30.0             30.0              21.
  30.0              30.0              21.
  23.5148907        0.0               21.
  16.6444798        -3.4585135        21.
  15.6312389        -6.68314171       21.
  14.0737019        -9.53577042       21.
  12.0507889        -11.9907665       21.
  9.58952618        -14.0371294       21.
  6.69178486        -15.6275406       21.
  3.43568897        -16.6492062       21.
  0.0               -23.5154133       21.
  4.70845747        -30.0             21.
  9.63367748        -30.0             21.
  15.2083101        -30.0             21.
  21.9542789        -30.0             21.
  30.0              -22.0019016       21.
  30.0              -15.2388258       21.
  30.0              -9.61121082       21.
  30.0              -4.65223694       21.
  -23.5155468       0.0               21.
  -30.0             -4.70845795       21.
  -30.0             -9.63367844       21.
  -30.0             -15.2083101       21.
  -30.0             -21.9542789       21.
  -22.0019016       -30.0             21.
  -15.2388258       -30.0             21.
  -9.61120987       -30.0             21.
  -4.65223646       -30.0             21.
  -3.4459734        -16.6470795       21.
  -6.6856823        -15.6301517       21.
  -9.55327129       -14.0618286       21.
  -12.0034485       -12.0381565       21.
  -14.0429668       -9.58097458       21.
  -15.6290874       -6.68817139       21.
  -16.6494083       -3.43470955       21.
  -16.644474        3.45853424        21.
  -15.6312361       6.68314695        21.
  -14.0737019       9.53577042        21.
  -12.0507889       11.9907665        21.
  -9.58952618       14.0371294        21.
  -6.69178486       15.6275406        21.
  -3.43568897       16.6492062        21.
  0.0               23.5154133        21.
  -4.70845747       30.0              21.
  -9.63367748       30.0              21.
  -15.2083101       30.0              21.
  -21.9542789       30.0              21.
  -30.0             22.0019016        21.
  -30.0             15.2388258        21.
  -30.0             9.61121082        21.
  -30.0             4.65223694        21.
  30.0              4.70845795        21.
  30.0              9.63367844        21.
  30.0              15.2083101        21.
  30.0              21.9542789        21.
  22.0019016        30.0              21.
  15.2388258        30.0              21.
  9.61120987        30.0              21.
  4.65223646        30.0              21.
  3.4459734         16.6470795        21.
  6.6856823         15.6301517        21.
  9.55327129        14.0618286        21.
  12.0034485        12.0381565        21.
  14.0429659        9.58097649        21.
  15.6290827        6.68818092        21.
  16.6494026        3.43473125        21.
  20.7027473        -20.6956844       21.
  23.4942837        -4.34135866       21.
  23.0417175        -8.88638115       21.
  22.2170448        -14.0271816       21.
  4.35094357        -23.4937935       21.
  8.89707756        -23.0162125       21.
  14.0333328        -22.1858063       21.
  -20.6981831       -20.7022781       21.
  -23.4943218       -4.35058451       21.
  -23.0178299       -8.89614868       21.
  -22.1895981       -14.0315914       21.
  -4.34178543       -23.4941673       21.
  -8.88621521       -23.0367737       21.
  -14.0288382       -22.2130508       21.
  -20.7027473       20.6956844        21.
  -23.49436         4.3414588         21.
  -23.0417156       8.88640404        21.
  -22.2170429       14.0271883        21.
  -4.35094357       23.4937935        21.
  -8.89707756       23.0162125        21.
  -14.0333328       22.1858063        21.
  20.6981831        20.7022781        21.
  23.4943943        4.35069418        21.
  23.0178261        8.89617252        21.
  22.1896           14.0315971        21.
  4.34178543        23.4941673        21.
  8.88621521        23.0367737        21.
  14.0288382        22.2130508        21.
  0.0               0.0               21.
  -13.3351822       0.0247345567      21.
  -9.94364548       0.0254741311      21.
  -6.63527155       0.0284822583      21.
  -3.31941986       0.0205911398      21.
  0.0138865113      3.3477087         21.
  0.0243428946      6.66651726        21.
  0.0209095478      9.96436501        21.
  0.0178673863      13.3195553        21.
  3.34433627        -0.0134705901     21.
  6.66004419        -0.0254814029     21.
  9.95391083        -0.0256608725     21.
  13.3053474        -0.031149745      21.
  -0.0126399994     -13.3496056       21.
  -0.0179837942     -9.95389938       21.
  -0.02536726       -6.64148712       21.
  -0.0202283263     -3.32266974       21.
  -10.9656315       10.8951035        21.
  -3.25545406       13.0672588        21.
  -6.33925343       12.4403591        21.
  -9.00751114       11.6275949        21.
  -11.6633644       9.00287628        21.
  -12.4759855       6.35304737        21.
  -13.0799398       3.27528715        21.
  -9.77558708       3.24124098        21.
  -6.52415848       3.27811313        21.
  -3.26053524       3.31978989        21.
  -9.44488811       6.3058176         21.
  -6.36457825       6.43055201        21.
  -3.19737482       6.5640626         21.
  -9.09814548       9.11045456        21.
  -6.2476759        9.45518875        21.
  -3.16989899       9.7627182         21.
  10.9193401        10.9460583        21.
  3.28912544        13.0813313        21.
  6.35442019        12.4529762        21.
  8.9955616         11.6447296        21.
  13.0651274        3.25058174        21.
  12.445569         6.33188295        21.
  11.6407719        8.99424362        21.
  3.24198651        9.78358841        21.
  3.27632689        6.5354743         21.
  3.31651688        3.27087212        21.
  6.31040573        9.4371891         21.
  6.43226051        6.36452198        21.
  6.56229067        3.19939566        21.
  9.11438274        9.08695221        21.
  9.45813847        6.24275684        21.
  9.75986671        3.16676831        21.
  -10.9193401       -10.9460583       21.
  -3.28781891       -13.0888443       21.
  -6.35409355       -12.454855        21.
  -8.99547958       -11.6451998       21.
  -13.072588        -3.2521801        21.
  -12.4474354       -6.33228016       21.
  -11.6412392       -8.99434185       21.
  -3.24092865       -9.78285027       21.
  -3.27631855       -6.52903223       21.
  -3.31187105       -3.26122189       21.
  -6.31005955       -9.43747425       21.
  -6.43217182       -6.36298275       21.
  -6.554914         -3.19584799       21.
  -9.11439228       -9.08716583       21.
  -9.45858574       -6.2425251        21.
  -9.75743294       -3.16626978       21.
  10.9656315        -10.8951035       21.
  3.25676084        -13.0747719       21.
  6.33958054        -12.4422369       21.
  9.00759315        -11.6280651       21.
  11.6633644        -9.00287628       21.
  12.4759865        -6.35304594       21.
  13.0724831        -3.27688527       21.
  9.77628899        -3.2416873        21.
  6.53052711        -3.2774744        21.
  3.26677132        -3.31159067       21.
  9.44506359        -6.30592918       21.
  6.36621428        -6.43041992       21.
  3.19908667        -6.55572224       21.
  9.09820938        -9.11059952       21.
  6.24818325        -9.45566177       21.
  3.17151165        -9.76001358       21.
  30.0              0.0               14.
  17.0              0.0               14.
  0.0               -17.0             14.
  0.0               -30.0             14.
  30.0              -30.0             14.
  -17.0             0.0               14.
  -30.0             0.0               14.
  -30.0             -30.0             14.
  0.0               17.0              14.
  0.0               30.0              14.
  -30.0             30.0              14.
  30.0              30.0              14.
  23.5148907        0.0               14.
  16.6444798        -3.4585135        14.
  15.6312389        -6.68314171       14.
  14.0737019        -9.53577042       14.
  12.0507889        -11.9907665       14.
  9.58952618        -14.0371294       14.
  6.69178486        -15.6275406       14.
  3.43568897        -16.6492062       14.
  0.0               -23.5154133       14.
  4.70845747        -30.0             14.
  9.63367748        -30.0             14.
  15.2083101        -30.0             14.
  21.9542789        -30.0             14.
  30.0              -22.0019016       14.
  30.0              -15.2388258       14.
  30.0              -9.61121082       14.
  30.0              -4.65223694       14.
  -23.5155468       0.0               14.
  -30.0             -4.70845795       14.
  -30.0             -9.63367844       14.
  -30.0             -15.2083101       14.
  -30.0             -21.9542789       14.
  -22.0019016       -30.0             14.
  -15.2388258       -30.0             14.
  -9.61120987       -30.0             14.
  -4.65223646       -30.0             14.
  -3.4459734        -16.6470795       14.
  -6.6856823        -15.6301517       14.
  -9.55327129       -14.0618286       14.
  -12.0034485       -12.0381565       14.
  -14.0429668       -9.58097458       14.
  -15.6290874       -6.68817139       14.
  -16.6494083       -3.43470955       14.
  -16.644474        3.45853424        14.
  -15.6312361       6.68314695        14.
  -14.0737019       9.53577042        14.
  -12.0507889       11.9907665        14.
  -9.58952618       14.0371294        14.
  -6.69178486       15.6275406        14.
  -3.43568897       16.6492062        14.
  0.0               23.5154133        14.
  -4.70845747       30.0              14.
  -9.63367748       30.0              14.
  -15.2083101       30.0              14.
  -21.9542789       30.0              14.
  -30.0             22.0019016        14.
  -30.0             15.2388258        14.
  -30.0             9.61121082        14.
  -30.0             4.65223694        14.
  30.0              4.70845795        14.
  30.0              9.63367844        14.
  30.0              15.2083101        14.
  30.0              21.9542789        14.
  22.0019016        30.0              14.
  15.2388258        30.0              14.
  9.61120987        30.0              14.
  4.65223646        30.0              14.
  3.4459734         16.6470795        14.
  6.6856823         15.6301517        14.
  9.55327129        14.0618286        14.
  12.0034485        12.0381565        14.
  14.0429659        9.58097649        14.
  15.6290827        6.68818092        14.
  16.6494026        3.43473125        14.
  20.7027473        -20.6956844       14.
  23.4942837        -4.34135866       14.
  23.0417175        -8.88638115       14.
  22.2170448        -14.0271816       14.
  4.35094357        -23.4937935       14.
  8.89707756        -23.0162125       14.
  14.0333328        -22.1858063       14.
  -20.6981831       -20.7022781       14.
  -23.4943218       -4.35058451       14.
  -23.0178299       -8.89614868       14.
  -22.1895981       -14.0315914       14.
  -4.34178543       -23.4941673       14.
  -8.88621521       -23.0367737       14.
  -14.0288382       -22.2130508       14.
  -20.7027473       20.6956844        14.
  -23.49436         4.3414588         14.
  -23.0417156       8.88640404        14.
  -22.2170429       14.0271883        14.
  -4.35094357       23.4937935        14.
  -8.89707756       23.0162125        14.
  -14.0333328       22.1858063        14.
  20.6981831        20.7022781        14.
  23.4943943        4.35069418        14.
  23.0178261        8.89617252        14.
  22.1896           14.0315971        14.
  4.34178543        23.4941673        14.
  8.88621521        23.0367737        14.
  14.0288382        22.2130508        14.
  0.0               0.0               14.
  -13.3351822       0.0247345567      14.
  -9.94364548       0.0254741311      14.
  -6.63527155       0.0284822583      14.
  -3.31941986       0.0205911398      14.
  0.0138865113      3.3477087         14.
  0.0243428946      6.66651726        14.
  0.0209095478      9.96436501        14.
  0.0178673863      13.3195553        14.
  3.34433627        -0.0134705901     14.
  6.66004419        -0.0254814029     14.
  9.95391083        -0.0256608725     14.
  13.3053474        -0.031149745      14.
  -0.0126399994     -13.3496056       14.
  -0.0179837942     -9.95389938       14.
  -0.02536726       -6.64148712       14.
  -0.0202283263     -3.32266974       14.
  -10.9656315       10.8951035        14.
  -3.25545406       13.0672588        14.
  -6.33925343       12.4403591        14.
  -9.00751114       11.6275949        14.
  -11.6633644       9.00287628        14.
  -12.4759855       6.35304737        14.
  -13.0799398       3.27528715        14.
  -9.77558708       3.24124098        14.
  -6.52415848       3.27811313        14.
  -3.26053524       3.31978989        14.
  -9.44488811       6.3058176         14.
  -6.36457825       6.43055201        14.
  -3.19737482       6.5640626         14.
  -9.09814548       9.11045456        14.
  -6.2476759        9.45518875        14.
  -3.16989899       9.7627182         14.
  10.9193401        10.9460583        14.
  3.28912544        13.0813313        14.
  6.35442019        12.4529762        14.
  8.9955616         11.6447296        14.
  13.0651274        3.25058174        14.
  12.445569         6.33188295        14.
  11.6407719        8.99424362        14.
  3.24198651        9.78358841        14.
  3.27632689        6.5354743         14.
  3.31651688        3.27087212        14.
  6.31040573        9.4371891         14.
  6.43226051        6.36452198        14.
  6.56229067        3.19939566        14.
  9.11438274        9.08695221        14.
  9.45813847        6.24275684        14.
  9.75986671        3.16676831        14.
  -10.9193401       -10.9460583       14.
  -3.28781891       -13.0888443       14.
  -6.35409355       -12.454855        14.
  -8.99547958       -11.6451998       14.
  -13.072588        -3.2521801        14.
  -12.4474354       -6.33228016       14.
  -11.6412392       -8.99434185       14.
  -3.24092865       -9.78285027       14.
  -3.27631855       -6.52903223       14.
  -3.31187105       -3.26122189       14.
  -6.31005955       -9.43747425       14.
  -6.43217182       -6.36298275       14.
  -6.554914         -3.19584799       14.
  -9.11439228       -9.08716583       14.
  -9.45858574       -6.2425251        14.
  -9.75743294       -3.16626978       14.
  10.9656315        -10.8951035       14.
  3.25676084        -13.0747719       14.
  6.33958054        -12.4422369       14.
  9.00759315        -11.6280651       14.
  11.6633644        -9.00287628       14.
  12.4759865        -6.35304594       14.
  13.0724831        -3.27688527       14.
  9.77628899        -3.2416873        14.
  6.53052711        -3.2774744        14.
  3.26677132        -3.31159067       14.
  9.44506359        -6.30592918       14.
  6.36621428        -6.43041992       14.
  3.19908667        -6.55572224       14.
  9.09820938        -9.11059952       14.
  6.24818325        -9.45566177       14.
  3.17151165        -9.76001358       14.
  30.0              0.0               7.1
  17.0              0.0               7.1
  0.0               -17.0             7.1
  0.0               -30.0             7.1
  30.0              -30.0             7.1
  -17.0             0.0               7.1
  -30.0             0.0               7.1
  -30.0             -30.0             7.1
  0.0               17.0              7.1
  0.0               30.0              7.1
  -30.0             30.0              7.1
  30.0              30.0              7.1
  23.5148907        0.0               7.1
  16.6444798        -3.4585135        7.1
  15.6312389        -6.68314171       7.1
  14.0737019        -9.53577042       7.1
  12.0507889        -11.9907665       7.1
  9.58952618        -14.0371294       7.1
  6.69178486        -15.6275406       7.1
  3.43568897        -16.6492062       7.1
  0.0               -23.5154133       7.1
  4.70845747        -30.0             7.1
  9.63367748        -30.0             7.1
  15.2083101        -30.0             7.1
  21.9542789        -30.0             7.1
  30.0              -22.0019016       7.1
  30.0              -15.2388258       7.1
  30.0              -9.61121082       7.1
  30.0              -4.65223694       7.1
  -23.5155468       0.0               7.1
  -30.0             -4.70845795       7.1
  -30.0             -9.63367844       7.1
  -30.0             -15.2083101       7.1
  -30.0             -21.9542789       7.1
  -22.0019016       -30.0             7.1
  -15.2388258       -30.0             7.1
  -9.61120987       -30.0             7.1
  -4.65223646       -30.0             7.1
  -3.4459734        -16.6470795       7.1
  -6.6856823        -15.6301517       7.1
  -9.55327129       -14.0618286       7.1
  -12.0034485       -12.0381565       7.1
  -14.0429668       -9.58097458       7.1
  -15.6290874       -6.68817139       7.1
  -16.6494083       -3.43470955       7.1
  -16.644474        3.45853424        7.1
  -15.6312361       6.68314695        7.1
  -14.0737019       9.53577042        7.1
  -12.0507889       11.9907665        7.1
  -9.58952618       14.0371294        7.1
  -6.69178486       15.6275406        7.1
  -3.43568897       16.6492062        7.1
  0.0               23.5154133        7.1
  -4.70845747       30.0              7.1
  -9.63367748       30.0              7.1
  -15.2083101       30.0              7.1
  -21.9542789       30.0              7.1
  -30.0             22.0019016        7.1
  -30.0             15.2388258        7.1
  -30.0             9.61121082        7.1
  -30.0             4.65223694        7.1
  30.0              4.70845795        7.1
  30.0              9.63367844        7.1
  30.0              15.2083101        7.1
  30.0              21.9542789        7.1
  22.0019016        30.0              7.1
  15.2388258        30.0              7.1
  9.61120987        30.0              7.1
  4.65223646        30.0              7.1
  3.4459734         16.6470795        7.1
  6.6856823         15.6301517        7.1
  9.55327129        14.0618286        7.1
  12.0034485        12.0381565        7.1
  14.0429659        9.58097649        7.1
  15.6290827        6.68818092        7.1
  16.6494026        3.43473125        7.1
  20.7027473        -20.6956844       7.1
  23.4942837        -4.34135866       7.1
  23.0417175        -8.88638115       7.1
  22.2170448        -14.0271816       7.1
  4.35094357        -23.4937935       7.1
  8.89707756        -23.0162125       7.1
  14.0333328        -22.1858063       7.1
  -20.6981831       -20.7022781       7.1
  -23.4943218       -4.35058451       7.1
  -23.0178299       -8.89614868       7.1
  -22.1895981       -14.0315914       7.1
  -4.34178543       -23.4941673       7.1
  -8.88621521       -23.0367737       7.1
  -14.0288382       -22.2130508       7.1
  -20.7027473       20.6956844        7.1
  -23.49436         4.3414588         7.1
  -23.0417156       8.88640404        7.1
  -22.2170429       14.0271883        7.1
  -4.35094357       23.4937935        7.1
  -8.89707756       23.0162125        7.1
  -14.0333328       22.1858063        7.1
  20.6981831        20.7022781        7.1
  23.4943943        4.35069418        7.1
  23.0178261        8.89617252        7.1
  22.1896           14.0315971        7.1
  4.34178543        23.4941673        7.1
  8.88621521        23.0367737        7.1
  14.0288382        22.2130508        7.1
  0.0               0.0               7.1
  -13.3351822       0.0247345567      7.1
  -9.94364548       0.0254741311      7.1
  -6.63527155       0.0284822583      7.1
  -3.31941986       0.0205911398      7.1
  0.0138865113      3.3477087         7.1
  0.0243428946      6.66651726        7.1
  0.0209095478      9.96436501        7.1
  0.0178673863      13.3195553        7.1
  3.34433627        -0.0134705901     7.1
  6.66004419        -0.0254814029     7.1
  9.95391083        -0.0256608725     7.1
  13.3053474        -0.031149745      7.1
  -0.0126399994     -13.3496056       7.1
  -0.0179837942     -9.95389938       7.1
  -0.02536726       -6.64148712       7.1
  -0.0202283263     -3.32266974       7.1
  -10.9656315       10.8951035        7.1
  -3.25545406       13.0672588        7.1
  -6.33925343       12.4403591        7.1
  -9.00751114       11.6275949        7.1
  -11.6633644       9.00287628        7.1
  -12.4759855       6.35304737        7.1
  -13.0799398       3.27528715        7.1
  -9.77558708       3.24124098        7.1
  -6.52415848       3.27811313        7.1
  -3.26053524       3.31978989        7.1
  -9.44488811       6.3058176         7.1
  -6.36457825       6.43055201        7.1
  -3.19737482       6.5640626         7.1
  -9.09814548       9.11045456        7.1
  -6.2476759        9.45518875        7.1
  -3.16989899       9.7627182         7.1
  10.9193401        10.9460583        7.1
  3.28912544        13.0813313        7.1
  6.35442019        12.4529762        7.1
  8.9955616         11.6447296        7.1
  13.0651274        3.25058174        7.1
  12.445569         6.33188295        7.1
  11.6407719        8.99424362        7.1
  3.24198651        9.78358841        7.1
  3.27632689        6.5354743         7.1
  3.31651688        3.27087212        7.1
  6.31040573        9.4371891         7.1
  6.43226051        6.36452198        7.1
  6.56229067        3.19939566        7.1
  9.11438274        9.08695221        7.1
  9.45813847        6.24275684        7.1
  9.75986671        3.16676831        7.1
  -10.9193401       -10.9460583       7.1
  -3.28781891       -13.0888443       7.1
  -6.35409355       -12.454855        7.1
  -8.99547958       -11.6451998       7.1
  -13.072588        -3.2521801        7.1
  -12.4474354       -6.33228016       7.1
  -11.6412392       -8.99434185       7.1
  -3.24092865       -9.78285027       7.1
  -3.27631855       -6.52903223       7.1
  -3.31187105       -3.26122189       7.1
  -6.31005955       -9.43747425       7.1
  -6.43217182       -6.36298275       7.1
  -6.554914         -3.19584799       7.1
  -9.11439228       -9.08716583       7.1
  -9.45858574       -6.2425251        7.1
  -9.75743294       -3.16626978       7.1
  10.9656315        -10.8951035       7.1
  3.25676084        -13.0747719       7.1
  6.33958054        -12.4422369       7.1
  9.00759315        -11.6280651       7.1
  11.6633644        -9.00287628       7.1
  12.4759865        -6.35304594       7.1
  13.0724831        -3.27688527       7.1
  9.77628899        -3.2416873        7.1
  6.53052711        -3.2774744        7.1
  3.26677132        -3.31159067       7.1
  9.44506359        -6.30592918       7.1
  6.36621428        -6.43041992       7.1
  3.19908667        -6.55572224       7.1
  9.09820938        -9.11059952       7.1
  6.24818325        -9.45566177       7.1
  3.17151165        -9.76001358       7.1
  30.0              0.0               0.0
  17.0              0.0               0.0
  0.0               -17.0             0.0
  0.0               -30.0             0.0
  30.0              -30.0             0.0
  -17.0             0.0               0.0
  -30.0             0.0               0.0
  -30.0             -30.0             0.0
  0.0               17.0              0.0
  0.0               30.0              0.0
  -30.0             30.0              0.0
  30.0              30.0              0.0
  23.5148907        0.0               0.0
  16.6444798        -3.4585135        0.0
  15.6312389        -6.68314171       0.0
  14.0737019        -9.53577042       0.0
  12.0507889        -11.9907665       0.0
  9.58952618        -14.0371294       0.0
  6.69178486        -15.6275406       0.0
  3.43568897        -16.6492062       0.0
  0.0               -23.5154133       0.0
  4.70845747        -30.0             0.0
  9.63367748        -30.0             0.0
  15.2083101        -30.0             0.0
  21.9542789        -30.0             0.0
  30.0              -22.0019016       0.0
  30.0              -15.2388258       0.0
  30.0              -9.61121082       0.0
  30.0              -4.65223694       0.0
  -23.5155468       0.0               0.0
  -30.0             -4.70845795       0.0
  -30.0             -9.63367844       0.0
  -30.0             -15.2083101       0.0
  -30.0             -21.9542789       0.0
  -22.0019016       -30.0             0.0
  -15.2388258       -30.0             0.0
  -9.61120987       -30.0             0.0
  -4.65223646       -30.0             0.0
  -3.4459734        -16.6470795       0.0
  -6.6856823        -15.6301517       0.0
  -9.55327129       -14.0618286       0.0
  -12.0034485       -12.0381565       0.0
  -14.0429668       -9.58097458       0.0
  -15.6290874       -6.68817139       0.0
  -16.6494083       -3.43470955       0.0
  -16.644474        3.45853424        0.0
  -15.6312361       6.68314695        0.0
  -14.0737019       9.53577042        0.0
  -12.0507889       11.9907665        0.0
  -9.58952618       14.0371294        0.0
  -6.69178486       15.6275406        0.0
  -3.43568897       16.6492062        0.0
  0.0               23.5154133        0.0
  -4.70845747       30.0              0.0
  -9.63367748       30.0              0.0
  -15.2083101       30.0              0.0
  -21.9542789       30.0              0.0
  -30.0             22.0019016        0.0
  -30.0             15.2388258        0.0
  -30.0             9.61121082        0.0
  -30.0             4.65223694        0.0
  30.0              4.70845795        0.0
  30.0              9.63367844        0.0
  30.0              15.2083101        0.0
  30.0              21.9542789        0.0
  22.0019016        30.0              0.0
  15.2388258        30.0              0.0
  9.61120987        30.0              0.0
  4.65223646        30.0              0.0
  3.4459734         16.6470795        0.0
  6.6856823         15.6301517        0.0
  9.55327129        14.0618286        0.0
  12.0034485        12.0381565        0.0
  14.0429659        9.58097649        0.0
  15.6290827        6.68818092        0.0
  16.6494026        3.43473125        0.0
  20.7027473        -20.6956844       0.0
  23.4942837        -4.34135866       0.0
  23.0417175        -8.88638115       0.0
  22.2170448        -14.0271816       0.0
  4.35094357        -23.4937935       0.0
  8.89707756        -23.0162125       0.0
  14.0333328        -22.1858063       0.0
  -20.6981831       -20.7022781       0.0
  -23.4943218       -4.35058451       0.0
  -23.0178299       -8.89614868       0.0
  -22.1895981       -14.0315914       0.0
  -4.34178543       -23.4941673       0.0
  -8.88621521       -23.0367737       0.0
  -14.0288382       -22.2130508       0.0
  -20.7027473       20.6956844        0.0
  -23.49436         4.3414588         0.0
  -23.0417156       8.88640404        0.0
  -22.2170429       14.0271883        0.0
  -4.35094357       23.4937935        0.0
  -8.89707756       23.0162125        0.0
  -14.0333328       22.1858063        0.0
  20.6981831        20.7022781        0.0
  23.4943943        4.35069418        0.0
  23.0178261        8.89617252        0.0
  22.1896           14.0315971        0.0
  4.34178543        23.4941673        0.0
  8.88621521        23.0367737        0.0
  14.0288382        22.2130508        0.0
  0.0               0.0               0.0
  -13.3351822       0.0247345567      0.0
  -9.94364548       0.0254741311      0.0
  -6.63527155       0.0284822583      0.0
  -3.31941986       0.0205911398      0.0
  0.0138865113      3.3477087         0.0
  0.0243428946      6.66651726        0.0
  0.0209095478      9.96436501        0.0
  0.0178673863      13.3195553        0.0
  3.34433627        -0.0134705901     0.0
  6.66004419        -0.0254814029     0.0
  9.95391083        -0.0256608725     0.0
  13.3053474        -0.031149745      0.0
  -0.0126399994     -13.3496056       0.0
  -0.0179837942     -9.95389938       0.0
  -0.02536726       -6.64148712       0.0
  -0.0202283263     -3.32266974       0.0
  -10.9656315       10.8951035        0.0
  -3.25545406       13.0672588        0.0
  -6.33925343       12.4403591        0.0
  -9.00751114       11.6275949        0.0
  -11.6633644       9.00287628        0.0
  -12.4759855       6.35304737        0.0
  -13.0799398       3.27528715        0.0
  -9.77558708       3.24124098        0.0
  -6.52415848       3.27811313        0.0
  -3.26053524       3.31978989        0.0
  -9.44488811       6.3058176         0.0
  -6.36457825       6.43055201        0.0
  -3.19737482       6.5640626         0.0
  -9.09814548       9.11045456        0.0
  -6.2476759        9.45518875        0.0
  -3.16989899       9.7627182         0.0
  10.9193401        10.9460583        0.0
  3.28912544        13.0813313        0.0
  6.35442019        12.4529762        0.0
  8.9955616         11.6447296        0.0
  13.0651274        3.25058174        0.0
  12.445569         6.33188295        0.0
  11.6407719        8.99424362        0.0
  3.24198651        9.78358841        0.0
  3.27632689        6.5354743         0.0
  3.31651688        3.27087212        0.0
  6.31040573        9.4371891         0.0
  6.43226051        6.36452198        0.0
  6.56229067        3.19939566        0.0
  9.11438274        9.08695221        0.0
  9.45813847        6.24275684        0.0
  9.75986671        3.16676831        0.0
  -10.9193401       -10.9460583       0.0
  -3.28781891       -13.0888443       0.0
  -6.35409355       -12.454855        0.0
  -8.99547958       -11.6451998       0.0
  -13.072588        -3.2521801        0.0
  -12.4474354       -6.33228016       0.0
  -11.6412392       -8.99434185       0.0
  -3.24092865       -9.78285027       0.0
  -3.27631855       -6.52903223       0.0
  -3.31187105       -3.26122189       0.0
  -6.31005955       -9.43747425       0.0
  -6.43217182       -6.36298275       0.0
  -6.554914         -3.19584799       0.0
  -9.11439228       -9.08716583       0.0
  -9.45858574       -6.2425251        0.0
  -9.75743294       -3.16626978       0.0
  10.9656315        -10.8951035       0.0
  3.25676084        -13.0747719       0.0
  6.33958054        -12.4422369       0.0
  9.00759315        -11.6280651       0.0
  11.6633644        -9.00287628       0.0
  12.4759865        -6.35304594       0.0
  13.0724831        -3.27688527       0.0
  9.77628899        -3.2416873        0.0
  6.53052711        -3.2774744        0.0
  3.26677132        -3.31159067       0.0
  9.44506359        -6.30592918       0.0
  6.36621428        -6.43041992       0.0
  3.19908667        -6.55572224       0.0
  9.09820938        -9.11059952       0.0
  6.24818325        -9.45566177       0.0
  3.17151165        -9.76001358       0.0
