  636     639     573     572
20444   20443   20888   20887
  639     640     574     573
20776   20878   20787   20767
  640     641     575     574
20775   20869   20878   20776
  641     642     576     575
20774   20860   20869   20775
  642     643     577     576
20773   20851   20860   20774
  643     644     578     577
20772   20842   20851   20773
  644     645     579     578
20771   20833   20842   20772
  645     646     580     579
20770   20824   20833   20771
  646     647     581     580
20769   20815   20824   20770
  647     582     569     581
20630   20668   20677   20631
 1050     603     604    1169
  635     648     639     636
  636     572     571     755
  649     650     641     640
  767     777     178     179
  648     649     640     639
  650     651     642     641
  651     652     643     642
  652     653     644     643
  653     654     645     644
  654     655     646     645
  655     656     647     646
  656     583     582     647
20455   20442   20467   20676
  634     657     648     635
  635     636     755     754
  658     659     650     649
  657     658     649     648
  659     660     651     650
  660     661     652     651
  661     662     653     652
  662     663     654     653
  663     664     655     654
  664     665     656     655
  665     584     583     656
20456   20455   20676   20675
  633     666     657     634
  634     635     754     753
  667     668     659     658
  666     667     658     657
  668     669     660     659
  669     670     661     660
  670     671     662     661
  671     672     663     662
  672     673     664     663
  673     674     665     664
  674     585     584     665
20457   20456   20675   20674
  632     675     666     633
  633     634     753     752
  676     677     668     667
  675     676     667     666
  677     678     669     668
  678     679     670     669
  679     680     671     670
  680     681     672     671
  681     682     673     672
  682     683     674     673
  683     586     585     674
20458   20457   20674   20673
  631     684     675     632
  632     633     752     751
  685     686     677     676
  684     685     676     675
  686     687     678     677
  687     688     679     678
  688     689     680     679
  689     690     681     680
  690     691     682     681
  691     692     683     682
  692     587     586     683
20459   20458   20673   20672
  630     693     684     631
  631     632     751     750
  694     695     686     685
  693     694     685     684
  695     696     687     686
  696     697     688     687
  697     698     689     688
  698     699     690     689
  699     700     691     690
  700     701     692     691
  701     588     587     692
20460   20459   20672   20671
  629     702     693     630
  630     631     750     749
  703     704     695     694
  702     703     694     693
  704     705     696     695
  705     706     697     696
  706     707     698     697
  707     708     699     698
  708     709     700     699
  709     710     701     700
  710     589     588     701
20461   20460   20671   20670
  628     711     702     629
  629     630     749     748
  712     713     704     703
  711     712     703     702
  713     714     705     704
  714     715     706     705
  715     716     707     706
  716     717     708     707
  717     718     709     708
  718     719     710     709
  719     590     589     710
20462   20461   20670   20669
  618     627     711     628
  638     637     737     736
  627     626     712     711
  736     737     735     734
  625     624     714     713
  626     625     713     712
  734     735     733     732
  624     623     715     714
  732     733     731     730
  623     622     716     715
  730     731     729     728
  622     621     717     716
  728     729     727     726
  621     620     718     717
  726     727     725     724
  620     619     719     718
  724     725     723     722
  619     591     590     719
  722     723     721     720
  619     720     592     591
20463   20462   20669   20668
  720     721     593     592
  721     124       9     593
  124    1293    1178       9
    9    1178    1339     170
  620     722     720     619
20492   20593   20595   20493
  723     123     124     721
  622     726     724     621
  123    1292    1293     124
  621     724     722     620
20493   20595   20597   20494
  725     122     123     723
  623     728     726     622
  122    1291    1292     123
20494   20597   20599   20495
  727     121     122     725
  624     730     728     623
  121    1290    1291     122
20495   20599   20601   20496
  729     120     121     727
  625     732     730     624
  120    1289    1290     121
20496   20601   20603   20497
  731     119     120     729
  626     734     732     625
  119    1288    1289     120
20497   20603   20605   20498
  733     118     119     731
  627     736     734     626
  118    1287    1288     119
20498   20605   20607   20499
  735     117     118     733
  618     638     736     627
  117    1286    1287     118
20499   20607   20609   20500
  737     116     117     735
  116    1285    1286     117
20500   20609   20511   20491
  628     629     748     747
  747     748     739     738
  637     738     114     115
  637     115     116     737
  738     739     113     114
  115    1284    1285     116
  739     740     112     113
  114    1283    1284     115
  740     741     111     112
  113    1282    1283     114
  741     742     110     111
  112    1281    1282     113
  742     743     109     110
  111    1280    1281     112
  743     744     108     109
  110    1279    1280     111
  744     745     107     108
  109    1278    1279     110
  745     746     106     107
  108    1277    1278     109
  746     570       6     106
  107    1276    1277     108
  638     747     738     637
  106    1275    1276     107
20779   20887   20889   20780
    6    1175    1275     106
20510   20611   20620   20511
20620   20621   20502   20501
  748     749     740     739
  749     750     741     740
  750     751     742     741
  751     752     743     742
  752     753     744     743
  753     754     745     744
  754     755     746     745
  755     571     570     746
20443   19879   19978   20888
  618     628     747     638
20511   20620   20501   20491
20621   20622   20503   20502
20622   20623   20504   20503
20623   20624   20505   20504
20624   20625   20506   20505
20625   20626   20507   20506
20626   20627   20508   20507
20627   20628   20509   20508
  778     779     176     177
  178    1347    1348     179
  777     778     177     178
  779     780     175     176
  177    1346    1347     178
  780     781     174     175
  176    1345    1346     177
  781     782     173     174
  175    1344    1345     176
  782     783     172     173
  174    1343    1344     175
  783     784     171     172
  173    1342    1343     174
  784     785     170     171
  172    1341    1342     173
  785     593       9     170
  171    1340    1341     172
  766     786     777     767
  170    1339    1340     171
20043   19882   20466   20658
  756     765     786     766
  767     179     180     893
  787     788     779     778
  905     915      95      96
  786     787     778     777
  788     789     780     779
  789     790     781     780
  790     791     782     781
  791     792     783     782
  792     793     784     783
  793     794     785     784
  794     592     593     785
20658   20466   20465   20667
20464   20463   20668   20630
  776     775     868     867
  765     764     787     786
  867     868     859     858
  763     762     789     788
  764     763     788     787
  858     859     850     849
  762     761     790     789
  849     850     841     840
  761     760     791     790
  840     841     832     831
  760     759     792     791
  831     832     823     822
  759     758     793     792
  822     823     814     813
  758     757     794     793
  813     814     805     804
  757     591     592     794
  804     805     796     795
  757     795     590     591
20667   20465   20464   20630
  795     796     589     590
  796     797     588     589
  797     798     587     588
  798     799     586     587
  799     800     585     586
  800     801     584     585
  801     802     583     584
  802     803     582     583
  803     594     569     582
  758     804     795     757
  805     806     797     796
  806     807     798     797
  807     808     799     798
  808     809     800     799
  809     810     801     800
  810     811     802     801
  811     812     803     802
  812     595     594     803
20467   20442   20490   20934
  759     813     804     758
20631   20677   20686   20632
  814     815     806     805
  815     816     807     806
  816     817     808     807
  817     818     809     808
  818     819     810     809
  819     820     811     810
  820     821     812     811
  821     596     595     812
20468   20467   20934   20933
  760     822     813     759
20632   20686   20695   20633
  823     824     815     814
  824     825     816     815
  825     826     817     816
  826     827     818     817
  827     828     819     818
  828     829     820     819
  829     830     821     820
  830     597     596     821
20469   20468   20933   20932
  761     831     822     760
20633   20695   20704   20634
  832     833     824     823
  833     834     825     824
  834     835     826     825
  835     836     827     826
  836     837     828     827
  837     838     829     828
  838     839     830     829
  839     598     597     830
20470   20469   20932   20931
  762     840     831     761
20634   20704   20713   20635
  841     842     833     832
  842     843     834     833
  843     844     835     834
  844     845     836     835
  845     846     837     836
  846     847     838     837
  847     848     839     838
  848     599     598     839
20471   20470   20931   20930
  763     849     840     762
20635   20713   20722   20636
  850     851     842     841
  851     852     843     842
  852     853     844     843
  853     854     845     844
  854     855     846     845
  855     856     847     846
  856     857     848     847
  857     600     599     848
20472   20471   20930   20929
  764     858     849     763
20636   20722   20731   20637
  859     860     851     850
  860     861     852     851
  861     862     853     852
  862     863     854     853
  863     864     855     854
  864     865     856     855
  865     866     857     856
  866     601     600     857
20473   20472   20929   20928
  765     867     858     764
20637   20731   20740   20638
  868     869     860     859
  869     870     861     860
  870     871     862     861
  871     872     863     862
  872     873     864     863
  873     874     865     864
  874     875     866     865
  875     602     601     866
20474   20473   20928   20927
  756     776     867     765
20638   20740   20649   20629
  766     767     893     892
  892     893     891     890
  774     773     870     869
  775     774     869     868
  890     891     889     888
  773     772     871     870
  888     889     887     886
  772     771     872     871
  886     887     885     884
  771     770     873     872
  884     885     883     882
  770     769     874     873
  882     883     881     880
  769     768     875     874
  880     881     879     878
  768     603     602     875
  878     879     877     876
  768     876     604     603
  876     877     605     604
20925   21034   20915   20905
  877     188       2     605
  188    1357    1171       2
    2    1171    1187      18
  769     878     876     768
20641   20749   20751   20642
  879     187     188     877
  771     882     880     770
  187    1356    1357     188
  770     880     878     769
20642   20751   20753   20643
  881     186     187     879
  772     884     882     771
  186    1355    1356     187
20643   20753   20755   20644
  883     185     186     881
  773     886     884     772
  185    1354    1355     186
20644   20755   20757   20645
  885     184     185     883
  774     888     886     773
  184    1353    1354     185
20645   20757   20759   20646
  887     183     184     885
  775     890     888     774
  183    1352    1353     184
20646   20759   20761   20647
  889     182     183     887
  776     892     890     775
  182    1351    1352     183
20647   20761   20763   20648
  891     181     182     889
  756     766     892     776
  181    1350    1351     182
20648   20763   20765   20649
20765   20766   20640   20639
  893     180     181     891
  180    1349    1350     181
20649   20765   20639   20629
  179    1348    1349     180
  916     917      93      94
   95    1264    1265      96
  915     916      94      95
  917     918      92      93
   94    1263    1264      95
  918     919      91      92
   93    1262    1263      94
  919     920      90      91
   92    1261    1262      93
  920     921      89      90
   91    1260    1261      92
  921     922      88      89
   90    1259    1260      91
  922     923      87      88
   89    1258    1259      90
  923     606       3      87
   88    1257    1258      89
  904     924     915     905
   87    1256    1257      88
20906   21007   21009   20907
    3    1172    1256      87
  905      96      97    1031
  925     926     917     916
 1050    1053     602     603
  924     925     916     915
  926     927     918     917
  927     928     919     918
  928     929     920     919
  929     930     921     920
  930     931     922     921
  931     932     923     922
  932     607     606     923
20479   19876   19909   21008
  894     903     924     904
  914     913    1006    1005
  903     902     925     924
 1005    1006     997     996
  901     900     927     926
  902     901     926     925
  996     997     988     987
  900     899     928     927
  987     988     979     978
  899     898     929     928
  978     979     970     969
  898     897     930     929
  969     970     961     960
  897     896     931     930
  960     961     952     951
  896     895     932     931
  951     952     943     942
  895     608     607     932
  942     943     934     933
  895     933     609     608
20480   20479   21008   21007
  933     934     610     609
  934     935     611     610
  935     936     612     611
  936     937     613     612
  937     938     614     613
  938     939     615     614
  939     940     616     615
  940     941     617     616
  941     581     569     617
20490   20442   20454   20814
  897     951     942     896
  896     942     933     895
20768   20806   20815   20769
  943     944     935     934
  944     945     936     935
  945     946     937     936
  946     947     938     937
  947     948     939     938
  948     949     940     939
  949     950     941     940
  950     580     581     941
20814   20454   20453   20823
  898     960     951     897
  952     953     944     943
  953     954     945     944
  954     955     946     945
  955     956     947     946
  956     957     948     947
  957     958     949     948
  958     959     950     949
  959     579     580     950
20823   20453   20452   20832
  899     969     960     898
  961     962     953     952
  962     963     954     953
  963     964     955     954
  964     965     956     955
  965     966     957     956
  966     967     958     957
  967     968     959     958
  968     578     579     959
20832   20452   20451   20841
  900     978     969     899
  970     971     962     961
  971     972     963     962
  972     973     964     963
  973     974     965     964
  974     975     966     965
  975     976     967     966
  976     977     968     967
  977     577     578     968
20841   20451   20450   20850
  901     987     978     900
  979     980     971     970
  980     981     972     971
  981     982     973     972
  982     983     974     973
  983     984     975     974
  984     985     976     975
  985     986     977     976
  986     576     577     977
20850   20450   20449   20859
  902     996     987     901
  988     989     980     979
  989     990     981     980
  990     991     982     981
  991     992     983     982
  992     993     984     983
  993     994     985     984
  994     995     986     985
  995     575     576     986
20859   20449   20448   20868
  903    1005     996     902
  997     998     989     988
  998     999     990     989
  999    1000     991     990
 1000    1001     992     991
 1001    1002     993     992
 1002    1003     994     993
 1003    1004     995     994
 1004     574     575     995
20868   20448   20447   20877
  894     914    1005     903
 1006    1007     998     997
 1007    1008     999     998
 1008    1009    1000     999
 1009    1010    1001    1000
 1010    1011    1002    1001
 1011    1012    1003    1002
 1012    1013    1004    1003
 1013     573     574    1004
20877   20447   20446   20886
20445   20444   20887   20779
  904     905    1031    1030
 1030    1031    1029    1028
  912     911    1008    1007
  913     912    1007    1006
 1028    1029    1027    1026
  911     910    1009    1008
 1026    1027    1025    1024
  910     909    1010    1009
 1024    1025    1023    1022
  909     908    1011    1010
 1022    1023    1021    1020
  908     907    1012    1011
 1020    1021    1019    1018
  907     906    1013    1012
 1018    1019    1017    1016
  906     572     573    1013
 1016    1017    1015    1014
  906    1014     571     572
20886   20446   20445   20779
 1014    1015     570     571
 1015     105       6     570
  907    1016    1014     906
  105    1274    1175       6
 1017     104     105    1015
  909    1020    1018     908
  104    1273    1274     105
  908    1018    1016     907
20780   20889   20891   20781
 1019     103     104    1017
  910    1022    1020     909
  103    1272    1273     104
20781   20891   20893   20782
 1021     102     103    1019
  911    1024    1022     910
  102    1271    1272     103
20782   20893   20895   20783
 1023     101     102    1021
  912    1026    1024     911
  101    1270    1271     102
20783   20895   20897   20784
 1025     100     101    1023
  913    1028    1026     912
  100    1269    1270     101
20784   20897   20899   20785
 1027      99     100    1025
  914    1030    1028     913
   99    1268    1269     100
20785   20899   20901   20786
 1029      98      99    1027
  894     904    1030     914
   98    1267    1268      99
20786   20901   20903   20787
20903   20904   20778   20777
 1031      97      98    1029
20476   20475   20926   20923
   97    1266    1267      98
20787   20903   20777   20767
   96    1265    1266      97
 1054    1055     600     601
 1053    1054     601     602
20475   20474   20927   20926
 1055    1056     599     600
 1056    1057     598     599
 1057    1058     597     598
 1058    1059     596     597
 1059    1060     595     596
 1060    1061     594     595
 1061     617     569     594
 1049    1062    1053    1050
 1048    1071    1062    1049
 1063    1064    1055    1054
 1062    1063    1054    1053
 1064    1065    1056    1055
 1065    1066    1057    1056
 1066    1067    1058    1057
 1067    1068    1059    1058
 1068    1069    1060    1059
 1069    1070    1061    1060
 1070     616     617    1061
20934   20490   20489   20943
 1047    1080    1071    1048
 1049    1050    1169    1168
 1072    1073    1064    1063
 1071    1072    1063    1062
 1073    1074    1065    1064
 1074    1075    1066    1065
 1075    1076    1067    1066
 1076    1077    1068    1067
 1077    1078    1069    1068
 1078    1079    1070    1069
 1079     615     616    1070
20943   20489   20488   20952
 1046    1089    1080    1047
 1048    1049    1168    1167
 1081    1082    1073    1072
 1080    1081    1072    1071
 1082    1083    1074    1073
 1083    1084    1075    1074
 1084    1085    1076    1075
 1085    1086    1077    1076
 1086    1087    1078    1077
 1087    1088    1079    1078
 1088     614     615    1079
20952   20488   20487   20961
 1045    1098    1089    1046
 1047    1048    1167    1166
 1090    1091    1082    1081
 1089    1090    1081    1080
 1091    1092    1083    1082
 1092    1093    1084    1083
 1093    1094    1085    1084
 1094    1095    1086    1085
 1095    1096    1087    1086
 1096    1097    1088    1087
 1097     613     614    1088
20961   20487   20486   20970
 1044    1107    1098    1045
 1046    1047    1166    1165
 1099    1100    1091    1090
 1098    1099    1090    1089
 1100    1101    1092    1091
 1101    1102    1093    1092
 1102    1103    1094    1093
 1103    1104    1095    1094
 1104    1105    1096    1095
 1105    1106    1097    1096
 1106     612     613    1097
20970   20486   20485   20979
 1043    1116    1107    1044
 1045    1046    1165    1164
 1108    1109    1100    1099
 1107    1108    1099    1098
 1109    1110    1101    1100
 1110    1111    1102    1101
 1111    1112    1103    1102
 1112    1113    1104    1103
 1113    1114    1105    1104
 1114    1115    1106    1105
 1115     611     612    1106
20979   20485   20484   20988
 1042    1125    1116    1043
 1044    1045    1164    1163
 1117    1118    1109    1108
 1116    1117    1108    1107
 1118    1119    1110    1109
 1119    1120    1111    1110
 1120    1121    1112    1111
 1121    1122    1113    1112
 1122    1123    1114    1113
 1123    1124    1115    1114
 1124     610     611    1115
20988   20484   20483   20997
 1032    1041    1125    1042
 1043    1044    1163    1162
 1126    1127    1118    1117
 1125    1126    1117    1116
 1127    1128    1119    1118
 1128    1129    1120    1119
 1129    1130    1121    1120
 1130    1131    1122    1121
 1131    1132    1123    1122
 1132    1133    1124    1123
 1133     609     610    1124
20997   20483   20482   21006
20481   20480   21007   20906
 1052    1051    1151    1150
 1041    1040    1126    1125
 1150    1151    1149    1148
 1039    1038    1128    1127
 1040    1039    1127    1126
 1148    1149    1147    1146
 1038    1037    1129    1128
 1146    1147    1145    1144
 1037    1036    1130    1129
 1144    1145    1143    1142
 1036    1035    1131    1130
 1142    1143    1141    1140
 1035    1034    1132    1131
 1140    1141    1139    1138
 1034    1033    1133    1132
 1138    1139    1137    1136
 1033     608     609    1133
 1136    1137    1135    1134
 1033    1134     607     608
21006   20482   20481   20906
 1134    1135     606     607
 1135      36       3     606
 1034    1136    1134    1033
   36    1205    1172       3
 1137      35      36    1135
 1036    1140    1138    1035
   35    1204    1205      36
 1035    1138    1136    1034
20907   21009   21011   20908
 1139      34      35    1137
 1037    1142    1140    1036
   34    1203    1204      35
20908   21011   21013   20909
 1141      33      34    1139
 1038    1144    1142    1037
   33    1202    1203      34
20909   21013   21015   20910
 1143      32      33    1141
 1039    1146    1144    1038
   32    1201    1202      33
20910   21015   21017   20911
 1145      31      32    1143
 1040    1148    1146    1039
   31    1200    1201      32
20911   21017   21019   20912
 1147      30      31    1145
 1041    1150    1148    1040
   30    1199    1200      31
20912   21019   21021   20913
 1149      29      30    1147
 1032    1052    1150    1041
   29    1198    1199      30
20913   21021   21023   20914
 1151      28      29    1149
   28    1197    1198      29
20914   21023   20925   20905
 1042    1043    1162    1161
 1161    1162    1153    1152
 1051    1152      26      27
 1051      27      28    1151
 1152    1153      25      26
   27    1196    1197      28
 1153    1154      24      25
   26    1195    1196      27
 1154    1155      23      24
   25    1194    1195      26
 1155    1156      22      23
   24    1193    1194      25
 1156    1157      21      22
   23    1192    1193      24
 1157    1158      20      21
   22    1191    1192      23
 1158    1159      19      20
   21    1190    1191      22
 1159    1160      18      19
   20    1189    1190      21
 1160     605       2      18
   19    1188    1189      20
 1052    1161    1152    1051
   18    1187    1188      19
19891   19875   20478   21033
 1032    1042    1161    1052
20924   21025   21034   20925
21034   21035   20916   20915
 1162    1163    1154    1153
 1163    1164    1155    1154
 1164    1165    1156    1155
 1165    1166    1157    1156
 1166    1167    1158    1157
 1167    1168    1159    1158
 1168    1169    1160    1159
 1169     604     605    1160
21033   20478   20477   21042
21035   21036   20917   20916
21036   21037   20918   20917
21037   21038   20919   20918
21038   21039   20920   20919
21039   21040   20921   20920
21040   21041   20922   20921
21041   21042   20923   20922
21042   20477   20476   20923
 1347    2516    2517    1348
 1348    2517    2518    1349
 1346    2515    2516    1347
 1293    2462    2347    1178
 1178    2347    2508    1339
 1292    2461    2462    1293
 1291    2460    2461    1292
 1290    2459    2460    1291
 1289    2458    2459    1290
 1288    2457    2458    1289
 1287    2456    2457    1288
 1286    2455    2456    1287
 1285    2454    2455    1286
 1284    2453    2454    1285
 1283    2452    2453    1284
 1282    2451    2452    1283
 1281    2450    2451    1282
 1280    2449    2450    1281
 1279    2448    2449    1280
 1278    2447    2448    1279
 1277    2446    2447    1278
 1276    2445    2446    1277
 1275    2444    2445    1276
 1345    2514    2515    1346
 1175    2344    2444    1275
 1274    2443    2344    1175
 1344    2513    2514    1345
 1343    2512    2513    1344
 1342    2511    2512    1343
 1341    2510    2511    1342
 1340    2509    2510    1341
 1339    2508    2509    1340
 1264    2433    2434    1265
 1357    2526    2340    1171
 1171    2340    2356    1187
 1265    2434    2435    1266
 1356    2525    2526    1357
 1355    2524    2525    1356
 1354    2523    2524    1355
 1353    2522    2523    1354
 1352    2521    2522    1353
 1351    2520    2521    1352
 1350    2519    2520    1351
 1349    2518    2519    1350
 1263    2432    2433    1264
 1262    2431    2432    1263
 1261    2430    2431    1262
 1260    2429    2430    1261
 1259    2428    2429    1260
 1258    2427    2428    1259
 1257    2426    2427    1258
 1256    2425    2426    1257
 1172    2341    2425    1256
 1205    2374    2341    1172
 1273    2442    2443    1274
 1272    2441    2442    1273
 1271    2440    2441    1272
 1270    2439    2440    1271
 1269    2438    2439    1270
 1268    2437    2438    1269
 1267    2436    2437    1268
 1266    2435    2436    1267
 1204    2373    2374    1205
 1203    2372    2373    1204
 1202    2371    2372    1203
 1201    2370    2371    1202
 1200    2369    2370    1201
 1199    2368    2369    1200
 1198    2367    2368    1199
 1197    2366    2367    1198
 1196    2365    2366    1197
 1195    2364    2365    1196
 1194    2363    2364    1195
 1193    2362    2363    1194
 1192    2361    2362    1193
 1191    2360    2361    1192
 1190    2359    2360    1191
 1189    2358    2359    1190
 1188    2357    2358    1189
 1187    2356    2357    1188
 2516    3685    3686    2517
 2517    3686    3687    2518
 2515    3684    3685    2516
 2462    3631    3516    2347
 2347    3516    3677    2508
 2461    3630    3631    2462
 2460    3629    3630    2461
 2459    3628    3629    2460
 2458    3627    3628    2459
 2457    3626    3627    2458
 2456    3625    3626    2457
 2455    3624    3625    2456
 2454    3623    3624    2455
 2453    3622    3623    2454
 2452    3621    3622    2453
 2451    3620    3621    2452
 2450    3619    3620    2451
 2449    3618    3619    2450
 2448    3617    3618    2449
 2447    3616    3617    2448
 2446    3615    3616    2447
 2445    3614    3615    2446
 2444    3613    3614    2445
 2514    3683    3684    2515
 2344    3513    3613    2444
 2443    3612    3513    2344
 2513    3682    3683    2514
 2512    3681    3682    2513
 2511    3680    3681    2512
 2510    3679    3680    2511
 2509    3678    3679    2510
 2508    3677    3678    2509
 2433    3602    3603    2434
 2526    3695    3509    2340
 2340    3509    3525    2356
 2434    3603    3604    2435
 2525    3694    3695    2526
 2524    3693    3694    2525
 2523    3692    3693    2524
 2522    3691    3692    2523
 2521    3690    3691    2522
 2520    3689    3690    2521
 2519    3688    3689    2520
 2518    3687    3688    2519
 2432    3601    3602    2433
 2431    3600    3601    2432
 2430    3599    3600    2431
 2429    3598    3599    2430
 2428    3597    3598    2429
 2427    3596    3597    2428
 2426    3595    3596    2427
 2425    3594    3595    2426
 2341    3510    3594    2425
 2374    3543    3510    2341
 2442    3611    3612    2443
 2441    3610    3611    2442
 2440    3609    3610    2441
 2439    3608    3609    2440
 2438    3607    3608    2439
 2437    3606    3607    2438
 2436    3605    3606    2437
 2435    3604    3605    2436
 2373    3542    3543    2374
 2372    3541    3542    2373
 2371    3540    3541    2372
 2370    3539    3540    2371
 2369    3538    3539    2370
 2368    3537    3538    2369
 2367    3536    3537    2368
 2366    3535    3536    2367
 2365    3534    3535    2366
 2364    3533    3534    2365
 2363    3532    3533    2364
 2362    3531    3532    2363
 2361    3530    3531    2362
 2360    3529    3530    2361
 2359    3528    3529    2360
 2358    3527    3528    2359
 2357    3526    3527    2358
 2356    3525    3526    2357
 3685    4854    4855    3686
 3686    4855    4856    3687
 3684    4853    4854    3685
 3631    4800    4685    3516
 3516    4685    4846    3677
 3630    4799    4800    3631
 3629    4798    4799    3630
 3628    4797    4798    3629
 3627    4796    4797    3628
 3626    4795    4796    3627
 3625    4794    4795    3626
 3624    4793    4794    3625
 3623    4792    4793    3624
 3622    4791    4792    3623
 3621    4790    4791    3622
 3620    4789    4790    3621
 3619    4788    4789    3620
 3618    4787    4788    3619
 3617    4786    4787    3618
 3616    4785    4786    3617
 3615    4784    4785    3616
 3614    4783    4784    3615
 3613    4782    4783    3614
 3683    4852    4853    3684
 3513    4682    4782    3613
 3612    4781    4682    3513
 3682    4851    4852    3683
 3681    4850    4851    3682
 3680    4849    4850    3681
 3679    4848    4849    3680
 3678    4847    4848    3679
 3677    4846    4847    3678
 3602    4771    4772    3603
 3695    4864    4678    3509
 3509    4678    4694    3525
 3603    4772    4773    3604
 3694    4863    4864    3695
 3693    4862    4863    3694
 3692    4861    4862    3693
 3691    4860    4861    3692
 3690    4859    4860    3691
 3689    4858    4859    3690
 3688    4857    4858    3689
 3687    4856    4857    3688
 3601    4770    4771    3602
 3600    4769    4770    3601
 3599    4768    4769    3600
 3598    4767    4768    3599
 3597    4766    4767    3598
 3596    4765    4766    3597
 3595    4764    4765    3596
 3594    4763    4764    3595
 3510    4679    4763    3594
 3543    4712    4679    3510
 3611    4780    4781    3612
 3610    4779    4780    3611
 3609    4778    4779    3610
 3608    4777    4778    3609
 3607    4776    4777    3608
 3606    4775    4776    3607
 3605    4774    4775    3606
 3604    4773    4774    3605
 3542    4711    4712    3543
 3541    4710    4711    3542
 3540    4709    4710    3541
 3539    4708    4709    3540
 3538    4707    4708    3539
 3537    4706    4707    3538
 3536    4705    4706    3537
 3535    4704    4705    3536
 3534    4703    4704    3535
 3533    4702    4703    3534
 3532    4701    4702    3533
 3531    4700    4701    3532
 3530    4699    4700    3531
 3529    4698    4699    3530
 3528    4697    4698    3529
 3527    4696    4697    3528
 3526    4695    4696    3527
 3525    4694    4695    3526
 4854    6023    6024    4855
 4855    6024    6025    4856
 4853    6022    6023    4854
 4800    5969    5854    4685
 4685    5854    6015    4846
 4799    5968    5969    4800
 4798    5967    5968    4799
 4797    5966    5967    4798
 4796    5965    5966    4797
 4795    5964    5965    4796
 4794    5963    5964    4795
 4793    5962    5963    4794
 4792    5961    5962    4793
 4791    5960    5961    4792
 4790    5959    5960    4791
 4789    5958    5959    4790
 4788    5957    5958    4789
 4787    5956    5957    4788
 4786    5955    5956    4787
 4785    5954    5955    4786
 4784    5953    5954    4785
 4783    5952    5953    4784
 4782    5951    5952    4783
 4852    6021    6022    4853
 4682    5851    5951    4782
 4781    5950    5851    4682
 4851    6020    6021    4852
 4850    6019    6020    4851
 4849    6018    6019    4850
 4848    6017    6018    4849
 4847    6016    6017    4848
 4846    6015    6016    4847
 4771    5940    5941    4772
 4864    6033    5847    4678
 4678    5847    5863    4694
 4772    5941    5942    4773
 4863    6032    6033    4864
 4862    6031    6032    4863
 4861    6030    6031    4862
 4860    6029    6030    4861
 4859    6028    6029    4860
 4858    6027    6028    4859
 4857    6026    6027    4858
 4856    6025    6026    4857
 4770    5939    5940    4771
 4769    5938    5939    4770
 4768    5937    5938    4769
 4767    5936    5937    4768
 4766    5935    5936    4767
 4765    5934    5935    4766
 4764    5933    5934    4765
 4763    5932    5933    4764
 4679    5848    5932    4763
 4712    5881    5848    4679
 4780    5949    5950    4781
 4779    5948    5949    4780
 4778    5947    5948    4779
 4777    5946    5947    4778
 4776    5945    5946    4777
 4775    5944    5945    4776
 4774    5943    5944    4775
 4773    5942    5943    4774
 4711    5880    5881    4712
 4710    5879    5880    4711
 4709    5878    5879    4710
 4708    5877    5878    4709
 4707    5876    5877    4708
 4706    5875    5876    4707
 4705    5874    5875    4706
 4704    5873    5874    4705
 4703    5872    5873    4704
 4702    5871    5872    4703
 4701    5870    5871    4702
 4700    5869    5870    4701
 4699    5868    5869    4700
 4698    5867    5868    4699
 4697    5866    5867    4698
 4696    5865    5866    4697
 4695    5864    5865    4696
 4694    5863    5864    4695
 6023    7192    7193    6024
 6024    7193    7194    6025
 6022    7191    7192    6023
 5969    7138    7023    5854
 5854    7023    7184    6015
 5968    7137    7138    5969
 5967    7136    7137    5968
 5966    7135    7136    5967
 5965    7134    7135    5966
 5964    7133    7134    5965
 5963    7132    7133    5964
 5962    7131    7132    5963
 5961    7130    7131    5962
 5960    7129    7130    5961
 5959    7128    7129    5960
 5958    7127    7128    5959
 5957    7126    7127    5958
 5956    7125    7126    5957
 5955    7124    7125    5956
 5954    7123    7124    5955
 5953    7122    7123    5954
 5952    7121    7122    5953
 5951    7120    7121    5952
 6021    7190    7191    6022
 5851    7020    7120    5951
 5950    7119    7020    5851
 6020    7189    7190    6021
 6019    7188    7189    6020
 6018    7187    7188    6019
 6017    7186    7187    6018
 6016    7185    7186    6017
 6015    7184    7185    6016
 5940    7109    7110    5941
 6033    7202    7016    5847
 5847    7016    7032    5863
 5941    7110    7111    5942
 6032    7201    7202    6033
 6031    7200    7201    6032
 6030    7199    7200    6031
 6029    7198    7199    6030
 6028    7197    7198    6029
 6027    7196    7197    6028
 6026    7195    7196    6027
 6025    7194    7195    6026
 5939    7108    7109    5940
 5938    7107    7108    5939
 5937    7106    7107    5938
 5936    7105    7106    5937
 5935    7104    7105    5936
 5934    7103    7104    5935
 5933    7102    7103    5934
 5932    7101    7102    5933
 5848    7017    7101    5932
 5881    7050    7017    5848
 5949    7118    7119    5950
 5948    7117    7118    5949
 5947    7116    7117    5948
 5946    7115    7116    5947
 5945    7114    7115    5946
 5944    7113    7114    5945
 5943    7112    7113    5944
 5942    7111    7112    5943
 5880    7049    7050    5881
 5879    7048    7049    5880
 5878    7047    7048    5879
 5877    7046    7047    5878
 5876    7045    7046    5877
 5875    7044    7045    5876
 5874    7043    7044    5875
 5873    7042    7043    5874
 5872    7041    7042    5873
 5871    7040    7041    5872
 5870    7039    7040    5871
 5869    7038    7039    5870
 5868    7037    7038    5869
 5867    7036    7037    5868
 5866    7035    7036    5867
 5865    7034    7035    5866
 5864    7033    7034    5865
 5863    7032    7033    5864
 7192    8361    8362    7193
 7193    8362    8363    7194
 7191    8360    8361    7192
 7138    8307    8192    7023
 7023    8192    8353    7184
 7137    8306    8307    7138
 7136    8305    8306    7137
 7135    8304    8305    7136
 7134    8303    8304    7135
 7133    8302    8303    7134
 7132    8301    8302    7133
 7131    8300    8301    7132
 7130    8299    8300    7131
 7129    8298    8299    7130
 7128    8297    8298    7129
 7127    8296    8297    7128
 7126    8295    8296    7127
 7125    8294    8295    7126
 7124    8293    8294    7125
 7123    8292    8293    7124
 7122    8291    8292    7123
 7121    8290    8291    7122
 7120    8289    8290    7121
 7190    8359    8360    7191
 7020    8189    8289    7120
 7119    8288    8189    7020
 7189    8358    8359    7190
 7188    8357    8358    7189
 7187    8356    8357    7188
 7186    8355    8356    7187
 7185    8354    8355    7186
 7184    8353    8354    7185
 7109    8278    8279    7110
 7202    8371    8185    7016
 7016    8185    8201    7032
 7110    8279    8280    7111
 7201    8370    8371    7202
 7200    8369    8370    7201
 7199    8368    8369    7200
 7198    8367    8368    7199
 7197    8366    8367    7198
 7196    8365    8366    7197
 7195    8364    8365    7196
 7194    8363    8364    7195
 7108    8277    8278    7109
 7107    8276    8277    7108
 7106    8275    8276    7107
 7105    8274    8275    7106
 7104    8273    8274    7105
 7103    8272    8273    7104
 7102    8271    8272    7103
 7101    8270    8271    7102
 7017    8186    8270    7101
 7050    8219    8186    7017
 7118    8287    8288    7119
 7117    8286    8287    7118
 7116    8285    8286    7117
 7115    8284    8285    7116
 7114    8283    8284    7115
 7113    8282    8283    7114
 7112    8281    8282    7113
 7111    8280    8281    7112
 7049    8218    8219    7050
 7048    8217    8218    7049
 7047    8216    8217    7048
 7046    8215    8216    7047
 7045    8214    8215    7046
 7044    8213    8214    7045
 7043    8212    8213    7044
 7042    8211    8212    7043
 7041    8210    8211    7042
 7040    8209    8210    7041
 7039    8208    8209    7040
 7038    8207    8208    7039
 7037    8206    8207    7038
 7036    8205    8206    7037
 7035    8204    8205    7036
 7034    8203    8204    7035
 7033    8202    8203    7034
 7032    8201    8202    7033
 8361    9530    9531    8362
 8362    9531    9532    8363
 8360    9529    9530    8361
 8307    9476    9361    8192
 8192    9361    9522    8353
 8306    9475    9476    8307
 8305    9474    9475    8306
 8304    9473    9474    8305
 8303    9472    9473    8304
 8302    9471    9472    8303
 8301    9470    9471    8302
 8300    9469    9470    8301
 8299    9468    9469    8300
 8298    9467    9468    8299
 8297    9466    9467    8298
 8296    9465    9466    8297
 8295    9464    9465    8296
 8294    9463    9464    8295
 8293    9462    9463    8294
 8292    9461    9462    8293
 8291    9460    9461    8292
 8290    9459    9460    8291
 8289    9458    9459    8290
 8359    9528    9529    8360
 8189    9358    9458    8289
 8288    9457    9358    8189
 8358    9527    9528    8359
 8357    9526    9527    8358
 8356    9525    9526    8357
 8355    9524    9525    8356
 8354    9523    9524    8355
 8353    9522    9523    8354
 8278    9447    9448    8279
 8371    9540    9354    8185
 8185    9354    9370    8201
 8279    9448    9449    8280
 8370    9539    9540    8371
 8369    9538    9539    8370
 8368    9537    9538    8369
 8367    9536    9537    8368
 8366    9535    9536    8367
 8365    9534    9535    8366
 8364    9533    9534    8365
 8363    9532    9533    8364
 8277    9446    9447    8278
 8276    9445    9446    8277
 8275    9444    9445    8276
 8274    9443    9444    8275
 8273    9442    9443    8274
 8272    9441    9442    8273
 8271    9440    9441    8272
 8270    9439    9440    8271
 8186    9355    9439    8270
 8219    9388    9355    8186
 8287    9456    9457    8288
 8286    9455    9456    8287
 8285    9454    9455    8286
 8284    9453    9454    8285
 8283    9452    9453    8284
 8282    9451    9452    8283
 8281    9450    9451    8282
 8280    9449    9450    8281
 8218    9387    9388    8219
 8217    9386    9387    8218
 8216    9385    9386    8217
 8215    9384    9385    8216
 8214    9383    9384    8215
 8213    9382    9383    8214
 8212    9381    9382    8213
 8211    9380    9381    8212
 8210    9379    9380    8211
 8209    9378    9379    8210
 8208    9377    9378    8209
 8207    9376    9377    8208
 8206    9375    9376    8207
 8205    9374    9375    8206
 8204    9373    9374    8205
 8203    9372    9373    8204
 8202    9371    9372    8203
 8201    9370    9371    8202
 9530   10699   10700    9531
 9531   10700   10701    9532
 9529   10698   10699    9530
 9476   10645   10530    9361
 9361   10530   10691    9522
 9475   10644   10645    9476
 9474   10643   10644    9475
 9473   10642   10643    9474
 9472   10641   10642    9473
 9471   10640   10641    9472
 9470   10639   10640    9471
 9469   10638   10639    9470
 9468   10637   10638    9469
 9467   10636   10637    9468
 9466   10635   10636    9467
 9465   10634   10635    9466
 9464   10633   10634    9465
 9463   10632   10633    9464
 9462   10631   10632    9463
 9461   10630   10631    9462
 9460   10629   10630    9461
 9459   10628   10629    9460
 9458   10627   10628    9459
 9528   10697   10698    9529
 9358   10527   10627    9458
 9457   10626   10527    9358
 9527   10696   10697    9528
 9526   10695   10696    9527
 9525   10694   10695    9526
 9524   10693   10694    9525
 9523   10692   10693    9524
 9522   10691   10692    9523
 9447   10616   10617    9448
 9540   10709   10523    9354
 9354   10523   10539    9370
 9448   10617   10618    9449
 9539   10708   10709    9540
 9538   10707   10708    9539
 9537   10706   10707    9538
 9536   10705   10706    9537
 9535   10704   10705    9536
 9534   10703   10704    9535
 9533   10702   10703    9534
 9532   10701   10702    9533
 9446   10615   10616    9447
 9445   10614   10615    9446
 9444   10613   10614    9445
 9443   10612   10613    9444
 9442   10611   10612    9443
 9441   10610   10611    9442
 9440   10609   10610    9441
 9439   10608   10609    9440
 9355   10524   10608    9439
 9388   10557   10524    9355
 9456   10625   10626    9457
 9455   10624   10625    9456
 9454   10623   10624    9455
 9453   10622   10623    9454
 9452   10621   10622    9453
 9451   10620   10621    9452
 9450   10619   10620    9451
 9449   10618   10619    9450
 9387   10556   10557    9388
 9386   10555   10556    9387
 9385   10554   10555    9386
 9384   10553   10554    9385
 9383   10552   10553    9384
 9382   10551   10552    9383
 9381   10550   10551    9382
 9380   10549   10550    9381
 9379   10548   10549    9380
 9378   10547   10548    9379
 9377   10546   10547    9378
 9376   10545   10546    9377
 9375   10544   10545    9376
 9374   10543   10544    9375
 9373   10542   10543    9374
 9372   10541   10542    9373
 9371   10540   10541    9372
 9370   10539   10540    9371
10699   11868   11869   10700
10700   11869   11870   10701
10698   11867   11868   10699
10645   11814   11699   10530
10530   11699   11860   10691
10644   11813   11814   10645
10643   11812   11813   10644
10642   11811   11812   10643
10641   11810   11811   10642
10640   11809   11810   10641
10639   11808   11809   10640
10638   11807   11808   10639
10637   11806   11807   10638
10636   11805   11806   10637
10635   11804   11805   10636
10634   11803   11804   10635
10633   11802   11803   10634
10632   11801   11802   10633
10631   11800   11801   10632
10630   11799   11800   10631
10629   11798   11799   10630
10628   11797   11798   10629
10627   11796   11797   10628
10697   11866   11867   10698
10527   11696   11796   10627
10626   11795   11696   10527
10696   11865   11866   10697
10695   11864   11865   10696
10694   11863   11864   10695
10693   11862   11863   10694
10692   11861   11862   10693
10691   11860   11861   10692
10616   11785   11786   10617
10709   11878   11692   10523
10523   11692   11708   10539
10617   11786   11787   10618
10708   11877   11878   10709
10707   11876   11877   10708
10706   11875   11876   10707
10705   11874   11875   10706
10704   11873   11874   10705
10703   11872   11873   10704
10702   11871   11872   10703
10701   11870   11871   10702
10615   11784   11785   10616
10614   11783   11784   10615
10613   11782   11783   10614
10612   11781   11782   10613
10611   11780   11781   10612
10610   11779   11780   10611
10609   11778   11779   10610
10608   11777   11778   10609
10524   11693   11777   10608
10557   11726   11693   10524
10625   11794   11795   10626
10624   11793   11794   10625
10623   11792   11793   10624
10622   11791   11792   10623
10621   11790   11791   10622
10620   11789   11790   10621
10619   11788   11789   10620
10618   11787   11788   10619
10556   11725   11726   10557
10555   11724   11725   10556
10554   11723   11724   10555
10553   11722   11723   10554
10552   11721   11722   10553
10551   11720   11721   10552
10550   11719   11720   10551
10549   11718   11719   10550
10548   11717   11718   10549
10547   11716   11717   10548
10546   11715   11716   10547
10545   11714   11715   10546
10544   11713   11714   10545
10543   11712   11713   10544
10542   11711   11712   10543
10541   11710   11711   10542
10540   11709   11710   10541
10539   11708   11709   10540
11868   13037   13038   11869
11869   13038   13039   11870
11867   13036   13037   11868
11814   12983   12868   11699
11699   12868   13029   11860
11813   12982   12983   11814
11812   12981   12982   11813
11811   12980   12981   11812
11810   12979   12980   11811
11809   12978   12979   11810
11808   12977   12978   11809
11807   12976   12977   11808
11806   12975   12976   11807
11805   12974   12975   11806
11804   12973   12974   11805
11803   12972   12973   11804
11802   12971   12972   11803
11801   12970   12971   11802
11800   12969   12970   11801
11799   12968   12969   11800
11798   12967   12968   11799
11797   12966   12967   11798
11796   12965   12966   11797
11866   13035   13036   11867
11696   12865   12965   11796
11795   12964   12865   11696
11865   13034   13035   11866
11864   13033   13034   11865
11863   13032   13033   11864
11862   13031   13032   11863
11861   13030   13031   11862
11860   13029   13030   11861
11785   12954   12955   11786
11878   13047   12861   11692
11692   12861   12877   11708
11786   12955   12956   11787
11877   13046   13047   11878
11876   13045   13046   11877
11875   13044   13045   11876
11874   13043   13044   11875
11873   13042   13043   11874
11872   13041   13042   11873
11871   13040   13041   11872
11870   13039   13040   11871
11784   12953   12954   11785
11783   12952   12953   11784
11782   12951   12952   11783
11781   12950   12951   11782
11780   12949   12950   11781
11779   12948   12949   11780
11778   12947   12948   11779
11777   12946   12947   11778
11693   12862   12946   11777
11726   12895   12862   11693
11794   12963   12964   11795
11793   12962   12963   11794
11792   12961   12962   11793
11791   12960   12961   11792
11790   12959   12960   11791
11789   12958   12959   11790
11788   12957   12958   11789
11787   12956   12957   11788
11725   12894   12895   11726
11724   12893   12894   11725
11723   12892   12893   11724
11722   12891   12892   11723
11721   12890   12891   11722
11720   12889   12890   11721
11719   12888   12889   11720
11718   12887   12888   11719
11717   12886   12887   11718
11716   12885   12886   11717
11715   12884   12885   11716
11714   12883   12884   11715
11713   12882   12883   11714
11712   12881   12882   11713
11711   12880   12881   11712
11710   12879   12880   11711
11709   12878   12879   11710
11708   12877   12878   11709
13037   14206   14207   13038
13038   14207   14208   13039
13036   14205   14206   13037
12983   14152   14037   12868
12868   14037   14198   13029
12982   14151   14152   12983
12981   14150   14151   12982
12980   14149   14150   12981
12979   14148   14149   12980
12978   14147   14148   12979
12977   14146   14147   12978
12976   14145   14146   12977
12975   14144   14145   12976
12974   14143   14144   12975
12973   14142   14143   12974
12972   14141   14142   12973
12971   14140   14141   12972
12970   14139   14140   12971
12969   14138   14139   12970
12968   14137   14138   12969
12967   14136   14137   12968
12966   14135   14136   12967
12965   14134   14135   12966
13035   14204   14205   13036
12865   14034   14134   12965
12964   14133   14034   12865
13034   14203   14204   13035
13033   14202   14203   13034
13032   14201   14202   13033
13031   14200   14201   13032
13030   14199   14200   13031
13029   14198   14199   13030
12954   14123   14124   12955
13047   14216   14030   12861
12861   14030   14046   12877
12955   14124   14125   12956
13046   14215   14216   13047
13045   14214   14215   13046
13044   14213   14214   13045
13043   14212   14213   13044
13042   14211   14212   13043
13041   14210   14211   13042
13040   14209   14210   13041
13039   14208   14209   13040
12953   14122   14123   12954
12952   14121   14122   12953
12951   14120   14121   12952
12950   14119   14120   12951
12949   14118   14119   12950
12948   14117   14118   12949
12947   14116   14117   12948
12946   14115   14116   12947
12862   14031   14115   12946
12895   14064   14031   12862
12963   14132   14133   12964
12962   14131   14132   12963
12961   14130   14131   12962
12960   14129   14130   12961
12959   14128   14129   12960
12958   14127   14128   12959
12957   14126   14127   12958
12956   14125   14126   12957
12894   14063   14064   12895
12893   14062   14063   12894
12892   14061   14062   12893
12891   14060   14061   12892
12890   14059   14060   12891
12889   14058   14059   12890
12888   14057   14058   12889
12887   14056   14057   12888
12886   14055   14056   12887
12885   14054   14055   12886
12884   14053   14054   12885
12883   14052   14053   12884
12882   14051   14052   12883
12881   14050   14051   12882
12880   14049   14050   12881
12879   14048   14049   12880
12878   14047   14048   12879
12877   14046   14047   12878
14206   15375   15376   14207
14207   15376   15377   14208
14205   15374   15375   14206
14152   15321   15206   14037
14037   15206   15367   14198
14151   15320   15321   14152
14150   15319   15320   14151
14149   15318   15319   14150
14148   15317   15318   14149
14147   15316   15317   14148
14146   15315   15316   14147
14145   15314   15315   14146
14144   15313   15314   14145
14143   15312   15313   14144
14142   15311   15312   14143
14141   15310   15311   14142
14140   15309   15310   14141
14139   15308   15309   14140
14138   15307   15308   14139
14137   15306   15307   14138
14136   15305   15306   14137
14135   15304   15305   14136
14134   15303   15304   14135
14204   15373   15374   14205
14034   15203   15303   14134
14133   15302   15203   14034
14203   15372   15373   14204
14202   15371   15372   14203
14201   15370   15371   14202
14200   15369   15370   14201
14199   15368   15369   14200
14198   15367   15368   14199
14123   15292   15293   14124
14216   15385   15199   14030
14030   15199   15215   14046
14124   15293   15294   14125
14215   15384   15385   14216
14214   15383   15384   14215
14213   15382   15383   14214
14212   15381   15382   14213
14211   15380   15381   14212
14210   15379   15380   14211
14209   15378   15379   14210
14208   15377   15378   14209
14122   15291   15292   14123
14121   15290   15291   14122
14120   15289   15290   14121
14119   15288   15289   14120
14118   15287   15288   14119
14117   15286   15287   14118
14116   15285   15286   14117
14115   15284   15285   14116
14031   15200   15284   14115
14064   15233   15200   14031
14132   15301   15302   14133
14131   15300   15301   14132
14130   15299   15300   14131
14129   15298   15299   14130
14128   15297   15298   14129
14127   15296   15297   14128
14126   15295   15296   14127
14125   15294   15295   14126
14063   15232   15233   14064
14062   15231   15232   14063
14061   15230   15231   14062
14060   15229   15230   14061
14059   15228   15229   14060
14058   15227   15228   14059
14057   15226   15227   14058
14056   15225   15226   14057
14055   15224   15225   14056
14054   15223   15224   14055
14053   15222   15223   14054
14052   15221   15222   14053
14051   15220   15221   14052
14050   15219   15220   14051
14049   15218   15219   14050
14048   15217   15218   14049
14047   15216   15217   14048
14046   15215   15216   14047
15375   16544   16545   15376
15376   16545   16546   15377
15374   16543   16544   15375
15321   16490   16375   15206
15206   16375   16536   15367
15320   16489   16490   15321
15319   16488   16489   15320
15318   16487   16488   15319
15317   16486   16487   15318
15316   16485   16486   15317
15315   16484   16485   15316
15314   16483   16484   15315
15313   16482   16483   15314
15312   16481   16482   15313
15311   16480   16481   15312
15310   16479   16480   15311
15309   16478   16479   15310
15308   16477   16478   15309
15307   16476   16477   15308
15306   16475   16476   15307
15305   16474   16475   15306
15304   16473   16474   15305
15303   16472   16473   15304
15373   16542   16543   15374
15203   16372   16472   15303
15302   16471   16372   15203
15372   16541   16542   15373
15371   16540   16541   15372
15370   16539   16540   15371
15369   16538   16539   15370
15368   16537   16538   15369
15367   16536   16537   15368
15292   16461   16462   15293
15385   16554   16368   15199
15199   16368   16384   15215
15293   16462   16463   15294
15384   16553   16554   15385
15383   16552   16553   15384
15382   16551   16552   15383
15381   16550   16551   15382
15380   16549   16550   15381
15379   16548   16549   15380
15378   16547   16548   15379
15377   16546   16547   15378
15291   16460   16461   15292
15290   16459   16460   15291
15289   16458   16459   15290
15288   16457   16458   15289
15287   16456   16457   15288
15286   16455   16456   15287
15285   16454   16455   15286
15284   16453   16454   15285
15200   16369   16453   15284
15233   16402   16369   15200
15301   16470   16471   15302
15300   16469   16470   15301
15299   16468   16469   15300
15298   16467   16468   15299
15297   16466   16467   15298
15296   16465   16466   15297
15295   16464   16465   15296
15294   16463   16464   15295
15232   16401   16402   15233
15231   16400   16401   15232
15230   16399   16400   15231
15229   16398   16399   15230
15228   16397   16398   15229
15227   16396   16397   15228
15226   16395   16396   15227
15225   16394   16395   15226
15224   16393   16394   15225
15223   16392   16393   15224
15222   16391   16392   15223
15221   16390   16391   15222
15220   16389   16390   15221
15219   16388   16389   15220
15218   16387   16388   15219
15217   16386   16387   15218
15216   16385   16386   15217
15215   16384   16385   15216
16544   17713   17714   16545
16545   17714   17715   16546
16543   17712   17713   16544
16490   17659   17544   16375
16375   17544   17705   16536
16489   17658   17659   16490
16488   17657   17658   16489
16487   17656   17657   16488
16486   17655   17656   16487
16485   17654   17655   16486
16484   17653   17654   16485
16483   17652   17653   16484
16482   17651   17652   16483
16481   17650   17651   16482
16480   17649   17650   16481
16479   17648   17649   16480
16478   17647   17648   16479
16477   17646   17647   16478
16476   17645   17646   16477
16475   17644   17645   16476
16474   17643   17644   16475
16473   17642   17643   16474
16472   17641   17642   16473
16542   17711   17712   16543
16372   17541   17641   16472
16471   17640   17541   16372
16541   17710   17711   16542
16540   17709   17710   16541
16539   17708   17709   16540
16538   17707   17708   16539
16537   17706   17707   16538
16536   17705   17706   16537
16461   17630   17631   16462
16554   17723   17537   16368
16368   17537   17553   16384
16462   17631   17632   16463
16553   17722   17723   16554
16552   17721   17722   16553
16551   17720   17721   16552
16550   17719   17720   16551
16549   17718   17719   16550
16548   17717   17718   16549
16547   17716   17717   16548
16546   17715   17716   16547
16460   17629   17630   16461
16459   17628   17629   16460
16458   17627   17628   16459
16457   17626   17627   16458
16456   17625   17626   16457
16455   17624   17625   16456
16454   17623   17624   16455
16453   17622   17623   16454
16369   17538   17622   16453
16402   17571   17538   16369
16470   17639   17640   16471
16469   17638   17639   16470
16468   17637   17638   16469
16467   17636   17637   16468
16466   17635   17636   16467
16465   17634   17635   16466
16464   17633   17634   16465
16463   17632   17633   16464
16401   17570   17571   16402
16400   17569   17570   16401
16399   17568   17569   16400
16398   17567   17568   16399
16397   17566   17567   16398
16396   17565   17566   16397
16395   17564   17565   16396
16394   17563   17564   16395
16393   17562   17563   16394
16392   17561   17562   16393
16391   17560   17561   16392
16390   17559   17560   16391
16389   17558   17559   16390
16388   17557   17558   16389
16387   17556   17557   16388
16386   17555   17556   16387
16385   17554   17555   16386
16384   17553   17554   16385
20926   20927   20936   20935
17713   18882   18883   17714
17714   18883   18884   17715
17712   18881   18882   17713
17659   18828   18713   17544
17544   18713   18874   17705
17658   18827   18828   17659
17657   18826   18827   17658
17656   18825   18826   17657
17655   18824   18825   17656
17654   18823   18824   17655
17653   18822   18823   17654
17652   18821   18822   17653
17651   18820   18821   17652
17650   18819   18820   17651
17649   18818   18819   17650
17648   18817   18818   17649
17647   18816   18817   17648
17646   18815   18816   17647
17645   18814   18815   17646
17644   18813   18814   17645
17643   18812   18813   17644
17642   18811   18812   17643
17641   18810   18811   17642
17711   18880   18881   17712
17541   18710   18810   17641
17640   18809   18710   17541
17710   18879   18880   17711
17709   18878   18879   17710
17708   18877   18878   17709
17707   18876   18877   17708
17706   18875   18876   17707
17705   18874   18875   17706
17630   18799   18800   17631
20445   20446   20512   20509
20447   20448   20514   20513
20503   20566   20575   20502
17723   18892   18706   17537
17537   18706   18722   17553
17631   18800   18801   17632
17722   18891   18892   17723
17721   18890   18891   17722
17720   18889   18890   17721
17719   18888   18889   17720
17718   18887   18888   17719
17717   18886   18887   17718
17716   18885   18886   17717
17715   18884   18885   17716
17629   18798   18799   17630
17628   18797   18798   17629
17627   18796   18797   17628
17626   18795   18796   17627
17625   18794   18795   17626
17624   18793   18794   17625
17623   18792   18793   17624
17622   18791   18792   17623
17538   18707   18791   17622
17571   18740   18707   17538
20502   20575   20584   20501
20870   20871   20880   20879
20449   20450   20516   20515
20501   20584   20500   20491
20448   20449   20515   20514
20611   20612   20621   20620
20446   20447   20513   20512
17639   18808   18809   17640
17638   18807   18808   17639
17637   18806   18807   17638
17636   18805   18806   17637
17635   18804   18805   17636
17634   18803   18804   17635
17633   18802   18803   17634
17632   18801   18802   17633
17570   18739   18740   17571
17569   18738   18739   17570
17568   18737   18738   17569
17567   18736   18737   17568
17566   18735   18736   17567
17565   18734   18735   17566
17564   18733   18734   17565
17563   18732   18733   17564
17562   18731   18732   17563
17561   18730   18731   17562
17560   18729   18730   17561
17559   18728   18729   17560
17558   18727   18728   17559
17557   18726   18727   17558
17556   18725   18726   17557
17555   18724   18725   17556
20861   20862   20871   20870
17554   18723   18724   17555
20451   20452   20518   20517
20450   20451   20517   20516
17553   18722   18723   17554
20852   20853   20862   20861
20504   20557   20566   20503
20452   20453   20519   20518
20843   20844   20853   20852
20505   20548   20557   20504
20453   20454   20520   20519
20834   20835   20844   20843
20506   20539   20548   20505
20454   20442   20455   20520
20825   20826   20835   20834
20507   20530   20539   20506
20816   20817   20826   20825
20508   20521   20530   20507
20669   20670   20679   20678
20927   20928   20937   20936
20509   20512   20521   20508
20628   20444   20445   20509
20513   20514   20523   20522
20052   20051   20650   20640
20512   20513   20522   20521
20514   20515   20524   20523
20515   20516   20525   20524
20516   20517   20526   20525
20517   20518   20527   20526
20518   20519   20528   20527
20519   20520   20529   20528
20520   20455   20456   20529
20050   20049   20652   20651
20522   20523   20532   20531
20521   20522   20531   20530
20523   20524   20533   20532
20524   20525   20534   20533
20525   20526   20535   20534
20526   20527   20536   20535
20527   20528   20537   20536
20528   20529   20538   20537
20529   20456   20457   20538
18882   20051   20052   18883
20531   20532   20541   20540
20530   20531   20540   20539
20532   20533   20542   20541
20533   20534   20543   20542
20534   20535   20544   20543
20535   20536   20545   20544
20536   20537   20546   20545
20537   20538   20547   20546
20538   20457   20458   20547
18883   20052   20053   18884
20540   20541   20550   20549
20539   20540   20549   20548
20541   20542   20551   20550
20542   20543   20552   20551
20543   20544   20553   20552
20544   20545   20554   20553
20545   20546   20555   20554
20546   20547   20556   20555
20547   20458   20459   20556
20051   20050   20651   20650
20549   20550   20559   20558
20548   20549   20558   20557
20550   20551   20560   20559
20551   20552   20561   20560
20552   20553   20562   20561
20553   20554   20563   20562
20554   20555   20564   20563
20555   20556   20565   20564
20556   20459   20460   20565
20558   20559   20568   20567
20557   20558   20567   20566
20559   20560   20569   20568
20560   20561   20570   20569
20561   20562   20571   20570
20562   20563   20572   20571
20563   20564   20573   20572
20564   20565   20574   20573
20565   20460   20461   20574
20049   20048   20653   20652
20567   20568   20577   20576
20566   20567   20576   20575
20568   20569   20578   20577
20569   20570   20579   20578
20570   20571   20580   20579
20571   20572   20581   20580
20572   20573   20582   20581
20573   20574   20583   20582
20574   20461   20462   20583
18881   20050   20051   18882
20576   20577   20586   20585
20575   20576   20585   20584
20577   20578   20587   20586
20578   20579   20588   20587
20579   20580   20589   20588
20580   20581   20590   20589
20581   20582   20591   20590
20582   20583   20592   20591
20583   20462   20463   20592
20609   20610   20510   20511
20584   20585   20499   20500
20607   20608   20610   20609
20586   20587   20497   20498
20585   20586   20498   20499
20605   20606   20608   20607
20587   20588   20496   20497
20603   20604   20606   20605
20588   20589   20495   20496
20601   20602   20604   20603
20589   20590   20494   20495
20599   20600   20602   20601
20590   20591   20493   20494
20597   20598   20600   20599
20591   20592   20492   20493
20595   20596   20598   20597
20592   20463   20464   20492
20593   20594   20596   20595
20464   20465   20593   20492
20465   20466   20594   20593
20763   20764   20766   20765
20466   19882   19997   20594
20670   20671   20680   20679
20740   20741   20648   20649
18828   19997   19882   18713
18713   19882   20043   18874
20594   19997   19996   20596
18827   19996   19997   18828
20596   19996   19995   20598
18826   19995   19996   18827
20598   19995   19994   20600
18825   19994   19995   18826
20600   19994   19993   20602
18824   19993   19994   18825
20602   19993   19992   20604
18823   19992   19993   18824
20604   19992   19991   20606
18822   19991   19992   18823
20606   19991   19990   20608
18821   19990   19991   18822
20608   19990   19989   20610
18820   19989   19990   18821
19988   19987   20611   20510
20610   19989   19988   20510
19987   19986   20612   20611
18819   19988   19989   18820
19986   19985   20613   20612
18818   19987   19988   18819
19985   19984   20614   20613
18817   19986   19987   18818
19984   19983   20615   20614
18816   19985   19986   18817
19983   19982   20616   20615
18815   19984   19985   18816
19982   19981   20617   20616
18814   19983   19984   18815
19981   19980   20618   20617
18813   19982   19983   18814
19980   19979   20619   20618
18812   19981   19982   18813
19979   19879   20443   20619
18811   19980   19981   18812
20048   20047   20654   20653
18810   19979   19980   18811
18880   20049   20050   18881
20888   19978   19977   20890
18710   19879   19979   18810
20612   20613   20622   20621
20613   20614   20623   20622
20614   20615   20624   20623
20615   20616   20625   20624
20616   20617   20626   20625
20617   20618   20627   20626
20618   20619   20628   20627
20619   20443   20444   20628
18809   19978   19879   18710
20047   20046   20655   20654
18879   20048   20049   18880
20046   20045   20656   20655
18878   20047   20048   18879
20045   20044   20657   20656
18877   20046   20047   18878
20044   20043   20658   20657
18876   20045   20046   18877
20639   20659   20638   20629
18875   20044   20045   18876
20640   20650   20659   20639
18874   20043   20044   18875
20766   20053   20052   20640
20651   20652   20661   20660
19969   19968   20788   20778
20650   20651   20660   20659
20652   20653   20662   20661
20653   20654   20663   20662
20654   20655   20664   20663
20655   20656   20665   20664
20656   20657   20666   20665
20657   20658   20667   20666
19967   19966   20790   20789
20659   20660   20637   20638
20731   20732   20741   20740
20661   20662   20635   20636
20660   20661   20636   20637
20722   20723   20732   20731
20662   20663   20634   20635
20713   20714   20723   20722
20663   20664   20633   20634
20704   20705   20714   20713
20664   20665   20632   20633
20695   20696   20705   20704
20665   20666   20631   20632
20686   20687   20696   20695
20666   20667   20630   20631
20677   20678   20687   20686
18799   19968   19969   18800
20668   20669   20678   20677
20671   20672   20681   20680
20672   20673   20682   20681
20673   20674   20683   20682
20674   20675   20684   20683
20675   20676   20685   20684
20676   20467   20468   20685
20678   20679   20688   20687
20679   20680   20689   20688
20680   20681   20690   20689
20681   20682   20691   20690
20682   20683   20692   20691
20683   20684   20693   20692
20684   20685   20694   20693
20685   20468   20469   20694
20923   20926   20935   20922
20687   20688   20697   20696
20688   20689   20698   20697
20689   20690   20699   20698
20690   20691   20700   20699
20691   20692   20701   20700
20692   20693   20702   20701
20693   20694   20703   20702
20694   20469   20470   20703
20922   20935   20944   20921
20696   20697   20706   20705
20697   20698   20707   20706
20698   20699   20708   20707
20699   20700   20709   20708
20700   20701   20710   20709
20701   20702   20711   20710
20702   20703   20712   20711
20703   20470   20471   20712
20936   20937   20946   20945
20705   20706   20715   20714
20706   20707   20716   20715
20707   20708   20717   20716
20708   20709   20718   20717
20709   20710   20719   20718
20710   20711   20720   20719
20711   20712   20721   20720
20712   20471   20472   20721
20945   20946   20955   20954
20714   20715   20724   20723
20715   20716   20725   20724
20716   20717   20726   20725
20717   20718   20727   20726
20718   20719   20728   20727
20719   20720   20729   20728
20720   20721   20730   20729
20721   20472   20473   20730
20954   20955   20964   20963
20723   20724   20733   20732
20724   20725   20734   20733
20725   20726   20735   20734
20726   20727   20736   20735
20727   20728   20737   20736
20728   20729   20738   20737
20729   20730   20739   20738
20730   20473   20474   20739
20963   20964   20973   20972
20732   20733   20742   20741
20733   20734   20743   20742
20734   20735   20744   20743
20735   20736   20745   20744
20736   20737   20746   20745
20737   20738   20747   20746
20738   20739   20748   20747
20739   20474   20475   20748
20972   20973   20982   20981
20742   20743   20646   20647
20741   20742   20647   20648
20761   20762   20764   20763
20743   20744   20645   20646
20759   20760   20762   20761
20744   20745   20644   20645
20757   20758   20760   20759
20745   20746   20643   20644
20755   20756   20758   20757
20746   20747   20642   20643
20753   20754   20756   20755
20747   20748   20641   20642
20751   20752   20754   20753
20748   20475   20476   20641
20749   20750   20752   20751
20476   20477   20749   20641
20477   20478   20750   20749
20478   19875   20061   20750
18892   20061   19875   18706
18706   19875   19891   18722
18800   19969   19970   18801
20750   20061   20060   20752
18891   20060   20061   18892
20752   20060   20059   20754
18890   20059   20060   18891
20754   20059   20058   20756
18889   20058   20059   18890
20756   20058   20057   20758
18888   20057   20058   18889
20758   20057   20056   20760
18887   20056   20057   18888
20760   20056   20055   20762
18886   20055   20056   18887
20762   20055   20054   20764
18885   20054   20055   18886
20764   20054   20053   20766
18884   20053   20054   18885
19968   19967   20789   20788
19966   19965   20791   20790
18798   19967   19968   18799
19965   19964   20792   20791
18797   19966   19967   18798
19964   19963   20793   20792
18796   19965   19966   18797
19963   19962   20794   20793
18795   19964   19965   18796
19962   19961   20795   20794
18794   19963   19964   18795
19961   19960   20796   20795
18793   19962   19963   18794
19960   19876   20479   20796
18792   19961   19962   18793
20778   20788   20797   20777
18791   19960   19961   18792
20777   20797   20776   20767
21008   19909   19908   21010
18707   19876   19960   18791
20904   19970   19969   20778
20789   20790   20799   20798
20788   20789   20798   20797
20790   20791   20800   20799
20791   20792   20801   20800
20792   20793   20802   20801
20793   20794   20803   20802
20794   20795   20804   20803
20795   20796   20805   20804
20796   20479   20480   20805
18740   19909   19876   18707
20878   20879   20786   20787
20797   20798   20775   20776
20869   20870   20879   20878
20799   20800   20773   20774
20798   20799   20774   20775
20860   20861   20870   20869
20800   20801   20772   20773
20851   20852   20861   20860
20801   20802   20771   20772
20842   20843   20852   20851
20802   20803   20770   20771
20833   20834   20843   20842
20803   20804   20769   20770
20824   20825   20834   20833
20804   20805   20768   20769
20815   20816   20825   20824
20805   20480   20481   20768
20806   20807   20816   20815
20481   20482   20806   20768
20482   20483   20807   20806
20483   20484   20808   20807
20880   20881   20784   20785
20484   20485   20809   20808
21023   21024   20924   20925
20871   20872   20881   20880
20485   20486   20810   20809
20862   20863   20872   20871
20486   20487   20811   20810
20853   20854   20863   20862
20487   20488   20812   20811
20844   20845   20854   20853
20488   20489   20813   20812
20835   20836   20845   20844
20489   20490   20814   20813
20826   20827   20836   20835
20817   20818   20827   20826
20807   20808   20817   20816
20808   20809   20818   20817
20809   20810   20819   20818
20810   20811   20820   20819
20811   20812   20821   20820
20812   20813   20822   20821
20813   20814   20823   20822
20818   20819   20828   20827
20819   20820   20829   20828
20820   20821   20830   20829
20821   20822   20831   20830
20822   20823   20832   20831
20827   20828   20837   20836
20828   20829   20838   20837
20829   20830   20839   20838
20830   20831   20840   20839
20831   20832   20841   20840
20836   20837   20846   20845
20837   20838   20847   20846
20838   20839   20848   20847
20839   20840   20849   20848
20840   20841   20850   20849
20845   20846   20855   20854
20846   20847   20856   20855
20847   20848   20857   20856
20848   20849   20858   20857
20849   20850   20859   20858
20854   20855   20864   20863
20855   20856   20865   20864
20856   20857   20866   20865
20857   20858   20867   20866
20858   20859   20868   20867
20901   20902   20904   20903
20863   20864   20873   20872
20864   20865   20874   20873
20865   20866   20875   20874
20866   20867   20876   20875
20867   20868   20877   20876
20872   20873   20882   20881
20873   20874   20883   20882
20874   20875   20884   20883
20875   20876   20885   20884
20876   20877   20886   20885
20879   20880   20785   20786
20899   20900   20902   20901
20881   20882   20783   20784
20897   20898   20900   20899
20882   20883   20782   20783
20895   20896   20898   20897
20883   20884   20781   20782
20893   20894   20896   20895
20884   20885   20780   20781
20891   20892   20894   20893
20885   20886   20779   20780
20889   20890   20892   20891
20887   20888   20890   20889
20981   20982   20991   20990
18808   19977   19978   18809
20990   20991   21000   20999
20890   19977   19976   20892
18807   19976   19977   18808
20892   19976   19975   20894
18806   19975   19976   18807
20894   19975   19974   20896
18805   19974   19975   18806
20896   19974   19973   20898
18804   19973   19974   18805
20898   19973   19972   20900
18803   19972   19973   18804
20900   19972   19971   20902
18802   19971   19972   18803
20902   19971   19970   20904
18801   19970   19971   18802
20928   20929   20938   20937
20929   20930   20939   20938
20930   20931   20940   20939
20931   20932   20941   20940
20932   20933   20942   20941
20933   20934   20943   20942
20921   20944   20953   20920
20935   20936   20945   20944
20937   20938   20947   20946
20938   20939   20948   20947
20939   20940   20949   20948
20940   20941   20950   20949
20941   20942   20951   20950
20942   20943   20952   20951
20920   20953   20962   20919
20944   20945   20954   20953
20946   20947   20956   20955
20947   20948   20957   20956
20948   20949   20958   20957
20949   20950   20959   20958
20950   20951   20960   20959
20951   20952   20961   20960
20919   20962   20971   20918
20953   20954   20963   20962
20955   20956   20965   20964
20956   20957   20966   20965
20957   20958   20967   20966
20958   20959   20968   20967
20959   20960   20969   20968
20960   20961   20970   20969
20918   20971   20980   20917
20962   20963   20972   20971
20964   20965   20974   20973
20965   20966   20975   20974
20966   20967   20976   20975
20967   20968   20977   20976
20968   20969   20978   20977
20969   20970   20979   20978
20917   20980   20989   20916
20971   20972   20981   20980
20973   20974   20983   20982
20974   20975   20984   20983
20975   20976   20985   20984
20976   20977   20986   20985
20977   20978   20987   20986
20978   20979   20988   20987
20916   20989   20998   20915
20980   20981   20990   20989
20982   20983   20992   20991
20983   20984   20993   20992
20984   20985   20994   20993
20985   20986   20995   20994
20986   20987   20996   20995
20987   20988   20997   20996
20915   20998   20914   20905
20989   20990   20999   20998
20991   20992   21001   21000
20992   20993   21002   21001
20993   20994   21003   21002
20994   20995   21004   21003
20995   20996   21005   21004
20996   20997   21006   21005
20998   20999   20913   20914
21021   21022   21024   21023
21000   21001   20911   20912
20999   21000   20912   20913
21019   21020   21022   21021
21001   21002   20910   20911
21017   21018   21020   21019
21002   21003   20909   20910
21015   21016   21018   21017
21003   21004   20908   20909
21013   21014   21016   21015
21004   21005   20907   20908
21011   21012   21014   21013
21005   21006   20906   20907
21009   21010   21012   21011
21007   21008   21010   21009
21025   21026   21035   21034
18739   19908   19909   18740
21010   19908   19907   21012
18738   19907   19908   18739
21012   19907   19906   21014
18737   19906   19907   18738
21014   19906   19905   21016
18736   19905   19906   18737
21016   19905   19904   21018
18735   19904   19905   18736
21018   19904   19903   21020
18734   19903   19904   18735
21020   19903   19902   21022
18733   19902   19903   18734
21022   19902   19901   21024
18732   19901   19902   18733
19900   19899   21025   20924
21024   19901   19900   20924
19899   19898   21026   21025
18731   19900   19901   18732
19898   19897   21027   21026
18730   19899   19900   18731
19897   19896   21028   21027
18729   19898   19899   18730
19896   19895   21029   21028
18728   19897   19898   18729
19895   19894   21030   21029
18727   19896   19897   18728
19894   19893   21031   21030
18726   19895   19896   18727
19893   19892   21032   21031
18725   19894   19895   18726
19892   19891   21033   21032
18724   19893   19894   18725
18723   19892   19893   18724
18722   19891   19892   18723
21026   21027   21036   21035
21027   21028   21037   21036
21028   21029   21038   21037
21029   21030   21039   21038
21030   21031   21040   21039
21031   21032   21041   21040
21032   21033   21042   21041 
