  2404   9277  10547   9375
  2403   9371  10547   9277
  2431   9376  10547   9371
  2432   9375  10547   9376
  2403   9275  10554   9371
  2402   9367  10554   9275
  2430   9372  10554   9367
  2431   9371  10554   9372
  2402   9272  10560   9367
  2401   9363  10560   9272
  2429   9368  10560   9363
  2430   9367  10560   9368
  2401   9269  10566   9363
  2400   9360  10566   9269
  2428   9364  10566   9360
  2429   9363  10566   9364
  2400   9356  10572   9360
  2427   9380  10572   9356
  2433   9381  10572   9380
  2428   9360  10572   9381
  2329   9321  11224   9824
  2418   9874  11224   9321
  2600   9876  11224   9874
  2587   9824  11224   9876
  2405   9279  10578   9280
  2399   9274  10578   9279
  2403   9277  10578   9274
  2404   9280  10578   9277
  2404   9375  10719   9684
  2432   9857  10719   9375
  2596   9858  10719   9857
  2545   9684  10719   9858
  2398   9261  10589   9271
  2397   9268  10589   9261
  2401   9272  10589   9268
  2402   9271  10589   9272
  2387   9235  10723   9570
  2383   9574  10723   9235
  2511   9576  10723   9574
  2510   9570  10723   9576
  2399   9264  10584   9274
  2398   9271  10584   9264
  2402   9275  10584   9271
  2403   9274  10584   9275
  2397   9258  10594   9268
  2396   9266  10594   9258
  2400   9269  10594   9266
  2401   9268  10594   9269
  2396   9352  10599   9266
  2426   9357  10599   9352
  2427   9356  10599   9357
  2400   9266  10599   9356
  2406   9282  10604   9283
  2395   9263  10604   9282
  2399   9279  10604   9263
  2405   9283  10604   9279
  2405   9280  10715   9680
  2404   9684  10715   9280
  2545   9686  10715   9684
  2544   9680  10715   9686
  2394   9250  10615   9260
  2393   9257  10615   9250
  2397   9261  10615   9257
  2398   9260  10615   9261
  2395   9253  10610   9263
  2394   9260  10610   9253
  2398   9264  10610   9260
  2399   9263  10610   9264
  2393   9247  10620   9257
  2392   9255  10620   9247
  2396   9258  10620   9255
  2397   9257  10620   9258
  2392   9348  10625   9255
  2425   9353  10625   9348
  2426   9352  10625   9353
  2396   9255  10625   9352
  2407   9285  10630   9286
  2391   9252  10630   9285
  2395   9282  10630   9252
  2406   9286  10630   9282
  2406   9283  10711   9676
  2405   9680  10711   9283
  2544   9682  10711   9680
  2543   9676  10711   9682
  2390   9240  10641   9249
  2389   9246  10641   9240
  2393   9250  10641   9246
  2394   9249  10641   9250
  2391   9242  10636   9252
  2390   9249  10636   9242
  2394   9253  10636   9249
  2395   9252  10636   9253
  2389   9238  10646   9246
  2388   9244  10646   9238
  2392   9247  10646   9244
  2393   9246  10646   9247
  2388   9344  10651   9244
  2424   9349  10651   9344
  2425   9348  10651   9349
  2392   9244  10651   9348
  2412   9300  10656   9299
  2408   9288  10656   9300
  2391   9285  10656   9288
  2407   9299  10656   9285
  2412   9299  10703   9668
  2407   9672  10703   9299
  2542   9674  10703   9672
  2541   9668  10703   9674
  2408   9291  10662   9288
  2409   9290  10662   9291
  2390   9242  10662   9290
  2391   9288  10662   9242
  2412   9668  10699   9300
  2541   9670  10699   9668
  2540   9664  10699   9670
  2408   9300  10699   9664
  2410   9297  10672   9293
  2411   9296  10672   9297
  2388   9238  10672   9296
  2389   9293  10672   9238
  2409   9294  10667   9290
  2410   9293  10667   9294
  2389   9240  10667   9293
  2390   9290  10667   9240
  2408   9664  10695   9291
  2540   9666  10695   9664
  2539   9660  10695   9666
  2409   9291  10695   9660
  2411   9341  10677   9296
  2423   9345  10677   9341
  2424   9344  10677   9345
  2388   9296  10677   9344
  2409   9660  10691   9294
  2539   9662  10691   9660
  2538   9656  10691   9662
  2410   9294  10691   9656
  2411   9653  10682   9341
  2537   9848  10682   9653
  2593   9845  10682   9848
  2423   9341  10682   9845
  2410   9656  10687   9297
  2538   9658  10687   9656
  2537   9653  10687   9658
  2411   9297  10687   9653
  2407   9286  10707   9672
  2406   9676  10707   9286
  2543   9678  10707   9676
  2542   9672  10707   9678
  2384   9229  10734   9578
  2385   9582  10734   9229
  2513   9584  10734   9582
  2512   9578  10734   9584
  2383   9226  10729   9574
  2384   9578  10729   9226
  2512   9580  10729   9578
  2511   9574  10729   9580
  2385   9232  10739   9582
  2386   9586  10739   9232
  2514   9588  10739   9586
  2513   9582  10739   9588
  2386   9340  10744   9586
  2423   9845  10744   9340
  2593   9846  10744   9845
  2514   9586  10744   9846
  2386   9231  10748   9340
  2378   9343  10748   9231
  2424   9345  10748   9343
  2423   9340  10748   9345
  2378   9210  10753   9343
  2377   9347  10753   9210
  2425   9349  10753   9347
  2424   9343  10753   9349
  2374   9199  10778   9209
  2373   9206  10778   9199
  2377   9210  10778   9206
  2378   9209  10778   9210
  2377   9207  10758   9347
  2376   9351  10758   9207
  2426   9353  10758   9351
  2425   9347  10758   9353
  2376   9204  10763   9351
  2375   9355  10763   9204
  2427   9357  10763   9355
  2426   9351  10763   9357
  2375   9337  10768   9355
  2422   9379  10768   9337
  2433   9380  10768   9379
  2427   9355  10768   9380
  2385   9228  10773   9232
  2374   9209  10773   9228
  2378   9231  10773   9209
  2386   9232  10773   9231
  2370   9188  10803   9198
  2369   9195  10803   9188
  2373   9199  10803   9195
  2374   9198  10803   9199
  2373   9196  10783   9206
  2372   9203  10783   9196
  2376   9207  10783   9203
  2377   9206  10783   9207
  2372   9193  10788   9203
  2371   9201  10788   9193
  2375   9204  10788   9201
  2376   9203  10788   9204
  2371   9333  10793   9201
  2421   9338  10793   9333
  2422   9337  10793   9338
  2375   9201  10793   9337
  2384   9225  10798   9229
  2370   9198  10798   9225
  2374   9228  10798   9198
  2385   9229  10798   9228
  2366   9177  10828   9187
  2365   9184  10828   9177
  2369   9188  10828   9184
  2370   9187  10828   9188
  2369   9185  10808   9195
  2368   9192  10808   9185
  2372   9196  10808   9192
  2373   9195  10808   9196
  2368   9182  10813   9192
  2367   9190  10813   9182
  2371   9193  10813   9190
  2372   9192  10813   9193
  2367   9329  10818   9190
  2420   9334  10818   9329
  2421   9333  10818   9334
  2371   9190  10818   9333
  2383   9223  10823   9226
  2366   9187  10823   9223
  2370   9225  10823   9187
  2384   9226  10823   9225
  2365   9175  10833   9184
  2364   9181  10833   9175
  2368   9185  10833   9181
  2369   9184  10833   9185
  2364   9173  10838   9181
  2363   9179  10838   9173
  2367   9182  10838   9179
  2368   9181  10838   9182
  2363   9325  10843   9179
  2419   9330  10843   9325
  2420   9329  10843   9330
  2367   9179  10843   9329
  2387   9234  10848   9235
  2379   9212  10848   9234
  2366   9223  10848   9212
  2383   9235  10848   9223
  2362   9170  10893   9703
  2358   9707  10893   9170
  2551   9709  10893   9707
  2550   9703  10893   9709
  2379   9215  10853   9212
  2380   9214  10853   9215
  2365   9177  10853   9214
  2366   9212  10853   9177
  2387   9570  10890   9234
  2510   9572  10890   9570
  2509   9566  10890   9572
  2379   9234  10890   9566
  2381   9221  10863   9217
  2382   9220  10863   9221
  2363   9173  10863   9220
  2364   9217  10863   9173
  2380   9218  10858   9214
  2381   9217  10858   9218
  2364   9175  10858   9217
  2365   9214  10858   9175
  2379   9566  10886   9215
  2509   9568  10886   9566
  2508   9562  10886   9568
  2380   9215  10886   9562
  2382   9322  10868   9220
  2418   9326  10868   9322
  2419   9325  10868   9326
  2363   9220  10868   9325
  2380   9562  10882   9218
  2508   9564  10882   9562
  2507   9558  10882   9564
  2381   9218  10882   9558
  2382   9555  10873   9322
  2506   9875  10873   9555
  2600   9874  10873   9875
  2418   9322  10873   9874
  2381   9558  10878   9221
  2507   9560  10878   9558
  2506   9555  10878   9560
  2382   9221  10878   9555
  2359   9164  10904   9711
  2360   9715  10904   9164
  2553   9717  10904   9715
  2552   9711  10904   9717
  2358   9161  10899   9707
  2359   9711  10899   9161
  2552   9713  10899   9711
  2551   9707  10899   9713
  2360   9167  10909   9715
  2361   9719  10909   9167
  2554   9721  10909   9719
  2553   9715  10909   9721
  2361   9318  10914   9719
  2417   9869  10914   9318
  2599   9870  10914   9869
  2554   9719  10914   9870
  2361   9166  10919   9318
  2353   9314  10919   9166
  2416   9319  10919   9314
  2417   9318  10919   9319
  2349   9134  10953   9144
  2348   9141  10953   9134
  2352   9145  10953   9141
  2353   9144  10953   9145
  2353   9145  10925   9314
  2352   9310  10925   9145
  2415   9315  10925   9310
  2416   9314  10925   9315
  2352   9142  10931   9310
  2351   9306  10931   9142
  2414   9311  10931   9306
  2415   9310  10931   9311
  2351   9139  10937   9306
  2350   9303  10937   9139
  2413   9307  10937   9303
  2414   9306  10937   9307
  2350   9359  10943   9303
  2428   9381  10943   9359
  2433   9378  10943   9381
  2413   9303  10943   9378
  2359   9160  10972   9164
  2345   9133  10972   9160
  2349   9163  10972   9133
  2360   9164  10972   9163
  2360   9163  10948   9167
  2349   9144  10948   9163
  2353   9166  10948   9144
  2361   9167  10948   9166
  2345   9123  10977   9133
  2344   9130  10977   9123
  2348   9134  10977   9130
  2349   9133  10977   9134
  2348   9131  10958   9141
  2347   9138  10958   9131
  2351   9142  10958   9138
  2352   9141  10958   9142
  2347   9128  10963   9138
  2346   9136  10963   9128
  2350   9139  10963   9136
  2351   9138  10963   9139
  2346   9362  10968   9136
  2429   9364  10968   9362
  2428   9359  10968   9364
  2350   9136  10968   9359
  2358   9158  10996   9161
  2341   9122  10996   9158
  2345   9160  10996   9122
  2359   9161  10996   9160
  2341   9112  11001   9122
  2340   9119  11001   9112
  2344   9123  11001   9119
  2345   9122  11001   9123
  2344   9120  10982   9130
  2343   9127  10982   9120
  2347   9131  10982   9127
  2348   9130  10982   9131
  2343   9117  10987   9127
  2342   9125  10987   9117
  2346   9128  10987   9125
  2347   9127  10987   9128
  2342   9366  10992   9125
  2430   9368  10992   9366
  2429   9362  10992   9368
  2346   9125  10992   9362
  2362   9169  11020   9170
  2354   9147  11020   9169
  2341   9158  11020   9147
  2358   9170  11020   9158
  2340   9110  11006   9119
  2339   9116  11006   9110
  2343   9120  11006   9116
  2344   9119  11006   9120
  2339   9108  11011   9116
  2338   9114  11011   9108
  2342   9117  11011   9114
  2343   9116  11011   9117
  2338   9370  11016   9114
  2431   9372  11016   9370
  2430   9366  11016   9372
  2342   9114  11016   9366
  2329   9082  11063   9321
  2328   9324  11063   9082
  2419   9326  11063   9324
  2418   9321  11063   9326
  2354   9150  11025   9147
  2355   9149  11025   9150
  2340   9112  11025   9149
  2341   9147  11025   9112
  2362   9703  11060   9169
  2550   9705  11060   9703
  2549   9699  11060   9705
  2354   9169  11060   9699
  2356   9156  11035   9152
  2357   9155  11035   9156
  2338   9108  11035   9155
  2339   9152  11035   9108
  2355   9153  11030   9149
  2356   9152  11030   9153
  2339   9110  11030   9152
  2340   9149  11030   9110
  2354   9699  11056   9150
  2549   9701  11056   9699
  2548   9695  11056   9701
  2355   9150  11056   9695
  2357   9374  11040   9155
  2432   9376  11040   9374
  2431   9370  11040   9376
  2338   9155  11040   9370
  2355   9695  11052   9153
  2548   9697  11052   9695
  2547   9691  11052   9697
  2356   9153  11052   9691
  2357   9688  11044   9374
  2546   9859  11044   9688
  2596   9857  11044   9859
  2432   9374  11044   9857
  2356   9691  11048   9156
  2547   9693  11048   9691
  2546   9688  11048   9693
  2357   9156  11048   9688
  2327   9077  11074   9328
  2326   9332  11074   9077
  2421   9334  11074   9332
  2420   9328  11074   9334
  2328   9080  11069   9324
  2327   9328  11069   9080
  2420   9330  11069   9328
  2419   9324  11069   9330
  2326   9074  11079   9332
  2325   9336  11079   9074
  2422   9338  11079   9336
  2421   9332  11079   9338
  2325   9302  11084   9336
  2413   9378  11084   9302
  2433   9379  11084   9378
  2422   9336  11084   9379
  2330   9084  11088   9085
  2324   9079  11088   9084
  2328   9082  11088   9079
  2329   9085  11088   9082
  2331   9087  11113   9088
  2320   9068  11113   9087
  2324   9084  11113   9068
  2330   9088  11113   9084
  2323   9066  11099   9076
  2322   9073  11099   9066
  2326   9077  11099   9073
  2327   9076  11099   9077
  2324   9069  11094   9079
  2323   9076  11094   9069
  2327   9080  11094   9076
  2328   9079  11094   9080
  2322   9063  11104   9073
  2321   9071  11104   9063
  2325   9074  11104   9071
  2326   9073  11104   9074
  2321   9305  11109   9071
  2414   9307  11109   9305
  2413   9302  11109   9307
  2325   9071  11109   9302
  2332   9090  11138   9091
  2316   9057  11138   9090
  2320   9087  11138   9057
  2331   9091  11138   9087
  2330   9085  11220   9820
  2329   9824  11220   9085
  2587   9826  11220   9824
  2586   9820  11220   9826
  2319   9055  11124   9065
  2318   9062  11124   9055
  2322   9066  11124   9062
  2323   9065  11124   9066
  2320   9058  11119   9068
  2319   9065  11119   9058
  2323   9069  11119   9065
  2324   9068  11119   9069
  2318   9052  11129   9062
  2317   9060  11129   9052
  2321   9063  11129   9060
  2322   9062  11129   9063
  2317   9309  11134   9060
  2415   9311  11134   9309
  2414   9305  11134   9311
  2321   9060  11134   9305
  2337   9105  11163   9104
  2333   9093  11163   9105
  2316   9090  11163   9093
  2332   9104  11163   9090
  2331   9088  11216   9816
  2330   9820  11216   9088
  2586   9822  11216   9820
  2585   9816  11216   9822
  2315   9045  11149   9054
  2314   9051  11149   9045
  2318   9055  11149   9051
  2319   9054  11149   9055
  2316   9047  11144   9057
  2315   9054  11144   9047
  2319   9058  11144   9054
  2320   9057  11144   9058
  2314   9043  11154   9051
  2313   9049  11154   9043
  2317   9052  11154   9049
  2318   9051  11154   9052
  2313   9313  11159   9049
  2416   9315  11159   9313
  2415   9309  11159   9315
  2317   9049  11159   9309
  2337   9104  11208   9808
  2332   9812  11208   9104
  2584   9814  11208   9812
  2583   9808  11208   9814
  2333   9096  11169   9093
  2334   9095  11169   9096
  2315   9047  11169   9095
  2316   9093  11169   9047
  2337   9808  11204   9105
  2583   9810  11204   9808
  2582   9804  11204   9810
  2333   9105  11204   9804
  2335   9102  11179   9098
  2336   9101  11179   9102
  2313   9043  11179   9101
  2314   9098  11179   9043
  2334   9099  11174   9095
  2335   9098  11174   9099
  2314   9045  11174   9098
  2315   9095  11174   9045
  2333   9804  11200   9096
  2582   9806  11200   9804
  2581   9800  11200   9806
  2334   9096  11200   9800
  2336   9317  11184   9101
  2417   9319  11184   9317
  2416   9313  11184   9319
  2313   9101  11184   9313
  2334   9800  11196   9099
  2581   9802  11196   9800
  2580   9796  11196   9802
  2335   9099  11196   9796
  2336   9793  11188   9317
  2579   9872  11188   9793
  2599   9869  11188   9872
  2417   9317  11188   9869
  2335   9796  11192   9102
  2580   9798  11192   9796
  2579   9793  11192   9798
  2336   9102  11192   9793
  2332   9091  11212   9812
  2331   9816  11212   9091
  2585   9818  11212   9816
  2584   9812  11212   9818
