   77    80    27    26   262   265   212   211
   80    79    28    27   265   264   213   212
   79    78    29    28   264   263   214   213
   78    13     1    29   263   198   186   214
   78    14     2    13   263   199   187   198
   79    15    14    78   264   200   199   263
   80    16    15    79   265   201   200   264
   77    17    16    80   262   202   201   265
   77    83    18    17   262   268   203   202
   83    82    19    18   268   267   204   203
   82    81    20    19   267   266   205   204
   81    21     3    20   266   206   188   205
   81    22     4    21   266   207   189   206
   82    23    22    81   267   208   207   266
   83    24    23    82   268   209   208   267
   77    25    24    83   262   210   209   268
   77    26     5    25   262   211   190   210
   84    87    43    42   269   272   228   227
   87    86    44    43   272   271   229   228
   86    85    45    44   271   270   230   229
   85    30     6    45   270   215   191   230
   85    31     7    30   270   216   192   215
   86    32    31    85   271   217   216   270
   87    33    32    86   272   218   217   271
   84    34    33    87   269   219   218   272
   84    35     8    34   269   220   193   219
   84    90    36    35   269   275   221   220
   90    89    37    36   275   274   222   221
   89    88    38    37   274   273   223   222
   88    21     4    38   273   206   189   223
   88    39     3    21   273   224   188   206
   89    40    39    88   274   225   224   273
   90    41    40    89   275   226   225   274
   84    42    41    90   269   227   226   275
   91    94    59    58   276   279   244   243
   94    93    60    59   279   278   245   244
   93    92    61    60   278   277   246   245
   92    30     7    61   277   215   192   246
   92    46     6    30   277   231   191   215
   93    47    46    92   278   232   231   277
   94    48    47    93   279   233   232   278
   91    49    48    94   276   234   233   279
   91    97    50    49   276   282   235   234
   97    96    51    50   282   281   236   235
   96    95    52    51   281   280   237   236
   95    53     9    52   280   238   194   237
   95    54    10    53   280   239   195   238
   96    55    54    95   281   240   239   280
   97    56    55    96   282   241   240   281
   91    57    56    97   276   242   241   282
   91    58    11    57   276   243   196   242
   98   101    74    73   283   286   259   258
  101   100    75    74   286   285   260   259
  100    99    76    75   285   284   261   260
   99    13     2    76   284   198   187   261
   99    62     1    13   284   247   186   198
  100    63    62    99   285   248   247   284
  101    64    63   100   286   249   248   285
   98    65    64   101   283   250   249   286
   98    66    12    65   283   251   197   250
   98   104    67    66   283   289   252   251
  104   103    68    67   289   288   253   252
  103   102    69    68   288   287   254   253
  102    53    10    69   287   238   195   254
  102    70     9    53   287   255   194   238
  103    71    70   102   288   256   255   287
  104    72    71   103   289   257   256   288
   98    73    72   104   283   258   257   289
  128   129   107   106   313   314   292   291
  129   130   108   107   314   315   293   292
  130   131   109   108   315   316   294   293
  131   110   105   109   316   295   290   294
  127   132   129   128   312   317   314   313
  132   133   130   129   317   318   315   314
  133   134   131   130   318   319   316   315
  134   111   110   131   319   296   295   316
  126   135   132   127   311   320   317   312
  135   136   133   132   320   321   318   317
  136   137   134   133   321   322   319   318
  137   112   111   134   322   297   296   319
  122   125   135   126   307   310   320   311
  125   124   136   135   310   309   321   320
  124   123   137   136   309   308   322   321
  123   113   112   137   308   298   297   322
  123    52     9   113   308   237   194   298
  124    51    52   123   309   236   237   308
  125    50    51   124   310   235   236   309
  122    49    50   125   307   234   235   310
  122   126    48    49   307   311   233   234
  126   127    47    48   311   312   232   233
  127   128    46    47   312   313   231   232
  128   106     6    46   313   291   191   231
  138   141    72    73   323   326   257   258
  141   140    71    72   326   325   256   257
  140   139    70    71   325   324   255   256
  139   113     9    70   324   298   194   255
  139   145   112   113   324   330   297   298
  145   146   111   112   330   331   296   297
  146   147   110   111   331   332   295   296
  147   114   105   110   332   299   290   295
  140   148   145   139   325   333   330   324
  148   149   146   145   333   334   331   330
  149   150   147   146   334   335   332   331
  150   115   114   147   335   300   299   332
  141   151   148   140   326   336   333   325
  151   152   149   148   336   337   334   333
  152   153   150   149   337   338   335   334
  153   116   115   150   338   301   300   335
  138   144   151   141   323   329   336   326
  144   143   152   151   329   328   337   336
  143   142   153   152   328   327   338   337
  142   117   116   153   327   302   301   338
  142    76     2   117   327   261   187   302
  143    75    76   142   328   260   261   327
  144    74    75   143   329   259   260   328
  138    73    74   144   323   258   259   329
  154   157    41    42   339   342   226   227
  157   156    40    41   342   341   225   226
  156   155    39    40   341   340   224   225
  155   118     3    39   340   303   188   224
  155   161   119   118   340   346   304   303
  161   162   120   119   346   347   305   304
  162   163   121   120   347   348   306   305
  163   109   105   121   348   294   290   306
  156   164   161   155   341   349   346   340
  164   165   162   161   349   350   347   346
  165   166   163   162   350   351   348   347
  166   108   109   163   351   293   294   348
  157   167   164   156   342   352   349   341
  167   168   165   164   352   353   350   349
  168   169   166   165   353   354   351   350
  169   107   108   166   354   292   293   351
  154   160   167   157   339   345   352   342
  160   159   168   167   345   344   353   352
  159   158   169   168   344   343   354   353
  158   106   107   169   343   291   292   354
  158    45     6   106   343   230   191   291
  159    44    45   158   344   229   230   343
  160    43    44   159   345   228   229   344
  154    42    43   160   339   227   228   345
  176   177   116   117   361   362   301   302
  177   178   115   116   362   363   300   301
  178   179   114   115   363   364   299   300
  179   121   105   114   364   306   290   299
  175   180   177   176   360   365   362   361
  180   181   178   177   365   366   363   362
  181   182   179   178   366   367   364   363
  182   120   121   179   367   305   306   364
  174   183   180   175   359   368   365   360
  183   184   181   180   368   369   366   365
  184   185   182   181   369   370   367   366
  185   119   120   182   370   304   305   367
  170   173   183   174   355   358   368   359
  173   172   184   183   358   357   369   368
  172   171   185   184   357   356   370   369
  171   118   119   185   356   303   304   370
  171    20     3   118   356   205   188   303
  172    19    20   171   357   204   205   356
  173    18    19   172   358   203   204   357
  170    17    18   173   355   202   203   358
  170   174    16    17   355   359   201   202
  174   175    15    16   359   360   200   201
  175   176    14    15   360   361   199   200
  176   117     2    14   361   302   187   199
  262   265   212   211   447   450   397   396
  265   264   213   212   450   449   398   397
  264   263   214   213   449   448   399   398
  263   198   186   214   448   383   371   399
  263   199   187   198   448   384   372   383
  264   200   199   263   449   385   384   448
  265   201   200   264   450   386   385   449
  262   202   201   265   447   387   386   450
  262   268   203   202   447   453   388   387
  268   267   204   203   453   452   389   388
  267   266   205   204   452   451   390   389
  266   206   188   205   451   391   373   390
  266   207   189   206   451   392   374   391
  267   208   207   266   452   393   392   451
  268   209   208   267   453   394   393   452
  262   210   209   268   447   395   394   453
  262   211   190   210   447   396   375   395
  269   272   228   227   454   457   413   412
  272   271   229   228   457   456   414   413
  271   270   230   229   456   455   415   414
  270   215   191   230   455   400   376   415
  270   216   192   215   455   401   377   400
  271   217   216   270   456   402   401   455
  272   218   217   271   457   403   402   456
  269   219   218   272   454   404   403   457
  269   220   193   219   454   405   378   404
  269   275   221   220   454   460   406   405
  275   274   222   221   460   459   407   406
  274   273   223   222   459   458   408   407
  273   206   189   223   458   391   374   408
  273   224   188   206   458   409   373   391
  274   225   224   273   459   410   409   458
  275   226   225   274   460   411   410   459
  269   227   226   275   454   412   411   460
  276   279   244   243   461   464   429   428
  279   278   245   244   464   463   430   429
  278   277   246   245   463   462   431   430
  277   215   192   246   462   400   377   431
  277   231   191   215   462   416   376   400
  278   232   231   277   463   417   416   462
  279   233   232   278   464   418   417   463
  276   234   233   279   461   419   418   464
  276   282   235   234   461   467   420   419
  282   281   236   235   467   466   421   420
  281   280   237   236   466   465   422   421
  280   238   194   237   465   423   379   422
  280   239   195   238   465   424   380   423
  281   240   239   280   466   425   424   465
  282   241   240   281   467   426   425   466
  276   242   241   282   461   427   426   467
  276   243   196   242   461   428   381   427
  283   286   259   258   468   471   444   443
  286   285   260   259   471   470   445   444
  285   284   261   260   470   469   446   445
  284   198   187   261   469   383   372   446
  284   247   186   198   469   432   371   383
  285   248   247   284   470   433   432   469
  286   249   248   285   471   434   433   470
  283   250   249   286   468   435   434   471
  283   251   197   250   468   436   382   435
  283   289   252   251   468   474   437   436
  289   288   253   252   474   473   438   437
  288   287   254   253   473   472   439   438
  287   238   195   254   472   423   380   439
  287   255   194   238   472   440   379   423
  288   256   255   287   473   441   440   472
  289   257   256   288   474   442   441   473
  283   258   257   289   468   443   442   474
  313   314   292   291   498   499   477   476
  314   315   293   292   499   500   478   477
  315   316   294   293   500   501   479   478
  316   295   290   294   501   480   475   479
  312   317   314   313   497   502   499   498
  317   318   315   314   502   503   500   499
  318   319   316   315   503   504   501   500
  319   296   295   316   504   481   480   501
  311   320   317   312   496   505   502   497
  320   321   318   317   505   506   503   502
  321   322   319   318   506   507   504   503
  322   297   296   319   507   482   481   504
  307   310   320   311   492   495   505   496
  310   309   321   320   495   494   506   505
  309   308   322   321   494   493   507   506
  308   298   297   322   493   483   482   507
  308   237   194   298   493   422   379   483
  309   236   237   308   494   421   422   493
  310   235   236   309   495   420   421   494
  307   234   235   310   492   419   420   495
  307   311   233   234   492   496   418   419
  311   312   232   233   496   497   417   418
  312   313   231   232   497   498   416   417
  313   291   191   231   498   476   376   416
  323   326   257   258   508   511   442   443
  326   325   256   257   511   510   441   442
  325   324   255   256   510   509   440   441
  324   298   194   255   509   483   379   440
  324   330   297   298   509   515   482   483
  330   331   296   297   515   516   481   482
  331   332   295   296   516   517   480   481
  332   299   290   295   517   484   475   480
  325   333   330   324   510   518   515   509
  333   334   331   330   518   519   516   515
  334   335   332   331   519   520   517   516
  335   300   299   332   520   485   484   517
  326   336   333   325   511   521   518   510
  336   337   334   333   521   522   519   518
  337   338   335   334   522   523   520   519
  338   301   300   335   523   486   485   520
  323   329   336   326   508   514   521   511
  329   328   337   336   514   513   522   521
  328   327   338   337   513   512   523   522
  327   302   301   338   512   487   486   523
  327   261   187   302   512   446   372   487
  328   260   261   327   513   445   446   512
  329   259   260   328   514   444   445   513
  323   258   259   329   508   443   444   514
  339   342   226   227   524   527   411   412
  342   341   225   226   527   526   410   411
  341   340   224   225   526   525   409   410
  340   303   188   224   525   488   373   409
  340   346   304   303   525   531   489   488
  346   347   305   304   531   532   490   489
  347   348   306   305   532   533   491   490
  348   294   290   306   533   479   475   491
  341   349   346   340   526   534   531   525
  349   350   347   346   534   535   532   531
  350   351   348   347   535   536   533   532
  351   293   294   348   536   478   479   533
  342   352   349   341   527   537   534   526
  352   353   350   349   537   538   535   534
  353   354   351   350   538   539   536   535
  354   292   293   351   539   477   478   536
  339   345   352   342   524   530   537   527
  345   344   353   352   530   529   538   537
  344   343   354   353   529   528   539   538
  343   291   292   354   528   476   477   539
  343   230   191   291   528   415   376   476
  344   229   230   343   529   414   415   528
  345   228   229   344   530   413   414   529
  339   227   228   345   524   412   413   530
  361   362   301   302   546   547   486   487
  362   363   300   301   547   548   485   486
  363   364   299   300   548   549   484   485
  364   306   290   299   549   491   475   484
  360   365   362   361   545   550   547   546
  365   366   363   362   550   551   548   547
  366   367   364   363   551   552   549   548
  367   305   306   364   552   490   491   549
  359   368   365   360   544   553   550   545
  368   369   366   365   553   554   551   550
  369   370   367   366   554   555   552   551
  370   304   305   367   555   489   490   552
  355   358   368   359   540   543   553   544
  358   357   369   368   543   542   554   553
  357   356   370   369   542   541   555   554
  356   303   304   370   541   488   489   555
  356   205   188   303   541   390   373   488
  357   204   205   356   542   389   390   541
  358   203   204   357   543   388   389   542
  355   202   203   358   540   387   388   543
  355   359   201   202   540   544   386   387
  359   360   200   201   544   545   385   386
  360   361   199   200   545   546   384   385
  361   302   187   199   546   487   372   384
  447   450   397   396   632   635   582   581
  450   449   398   397   635   634   583   582
  449   448   399   398   634   633   584   583
  448   383   371   399   633   568   556   584
  448   384   372   383   633   569   557   568
  449   385   384   448   634   570   569   633
  450   386   385   449   635   571   570   634
  447   387   386   450   632   572   571   635
  447   453   388   387   632   638   573   572
  453   452   389   388   638   637   574   573
  452   451   390   389   637   636   575   574
  451   391   373   390   636   576   558   575
  451   392   374   391   636   577   559   576
  452   393   392   451   637   578   577   636
  453   394   393   452   638   579   578   637
  447   395   394   453   632   580   579   638
  447   396   375   395   632   581   560   580
  454   457   413   412   639   642   598   597
  457   456   414   413   642   641   599   598
  456   455   415   414   641   640   600   599
  455   400   376   415   640   585   561   600
  455   401   377   400   640   586   562   585
  456   402   401   455   641   587   586   640
  457   403   402   456   642   588   587   641
  454   404   403   457   639   589   588   642
  454   405   378   404   639   590   563   589
  454   460   406   405   639   645   591   590
  460   459   407   406   645   644   592   591
  459   458   408   407   644   643   593   592
  458   391   374   408   643   576   559   593
  458   409   373   391   643   594   558   576
  459   410   409   458   644   595   594   643
  460   411   410   459   645   596   595   644
  454   412   411   460   639   597   596   645
  461   464   429   428   646   649   614   613
  464   463   430   429   649   648   615   614
  463   462   431   430   648   647   616   615
  462   400   377   431   647   585   562   616
  462   416   376   400   647   601   561   585
  463   417   416   462   648   602   601   647
  464   418   417   463   649   603   602   648
  461   419   418   464   646   604   603   649
  461   467   420   419   646   652   605   604
  467   466   421   420   652   651   606   605
  466   465   422   421   651   650   607   606
  465   423   379   422   650   608   564   607
  465   424   380   423   650   609   565   608
  466   425   424   465   651   610   609   650
  467   426   425   466   652   611   610   651
  461   427   426   467   646   612   611   652
  461   428   381   427   646   613   566   612
  468   471   444   443   653   656   629   628
  471   470   445   444   656   655   630   629
  470   469   446   445   655   654   631   630
  469   383   372   446   654   568   557   631
  469   432   371   383   654   617   556   568
  470   433   432   469   655   618   617   654
  471   434   433   470   656   619   618   655
  468   435   434   471   653   620   619   656
  468   436   382   435   653   621   567   620
  468   474   437   436   653   659   622   621
  474   473   438   437   659   658   623   622
  473   472   439   438   658   657   624   623
  472   423   380   439   657   608   565   624
  472   440   379   423   657   625   564   608
  473   441   440   472   658   626   625   657
  474   442   441   473   659   627   626   658
  468   443   442   474   653   628   627   659
  498   499   477   476   683   684   662   661
  499   500   478   477   684   685   663   662
  500   501   479   478   685   686   664   663
  501   480   475   479   686   665   660   664
  497   502   499   498   682   687   684   683
  502   503   500   499   687   688   685   684
  503   504   501   500   688   689   686   685
  504   481   480   501   689   666   665   686
  496   505   502   497   681   690   687   682
  505   506   503   502   690   691   688   687
  506   507   504   503   691   692   689   688
  507   482   481   504   692   667   666   689
  492   495   505   496   677   680   690   681
  495   494   506   505   680   679   691   690
  494   493   507   506   679   678   692   691
  493   483   482   507   678   668   667   692
  493   422   379   483   678   607   564   668
  494   421   422   493   679   606   607   678
  495   420   421   494   680   605   606   679
  492   419   420   495   677   604   605   680
  492   496   418   419   677   681   603   604
  496   497   417   418   681   682   602   603
  497   498   416   417   682   683   601   602
  498   476   376   416   683   661   561   601
  508   511   442   443   693   696   627   628
  511   510   441   442   696   695   626   627
  510   509   440   441   695   694   625   626
  509   483   379   440   694   668   564   625
  509   515   482   483   694   700   667   668
  515   516   481   482   700   701   666   667
  516   517   480   481   701   702   665   666
  517   484   475   480   702   669   660   665
  510   518   515   509   695   703   700   694
  518   519   516   515   703   704   701   700
  519   520   517   516   704   705   702   701
  520   485   484   517   705   670   669   702
  511   521   518   510   696   706   703   695
  521   522   519   518   706   707   704   703
  522   523   520   519   707   708   705   704
  523   486   485   520   708   671   670   705
  508   514   521   511   693   699   706   696
  514   513   522   521   699   698   707   706
  513   512   523   522   698   697   708   707
  512   487   486   523   697   672   671   708
  512   446   372   487   697   631   557   672
  513   445   446   512   698   630   631   697
  514   444   445   513   699   629   630   698
  508   443   444   514   693   628   629   699
  524   527   411   412   709   712   596   597
  527   526   410   411   712   711   595   596
  526   525   409   410   711   710   594   595
  525   488   373   409   710   673   558   594
  525   531   489   488   710   716   674   673
  531   532   490   489   716   717   675   674
  532   533   491   490   717   718   676   675
  533   479   475   491   718   664   660   676
  526   534   531   525   711   719   716   710
  534   535   532   531   719   720   717   716
  535   536   533   532   720   721   718   717
  536   478   479   533   721   663   664   718
  527   537   534   526   712   722   719   711
  537   538   535   534   722   723   720   719
  538   539   536   535   723   724   721   720
  539   477   478   536   724   662   663   721
  524   530   537   527   709   715   722   712
  530   529   538   537   715   714   723   722
  529   528   539   538   714   713   724   723
  528   476   477   539   713   661   662   724
  528   415   376   476   713   600   561   661
  529   414   415   528   714   599   600   713
  530   413   414   529   715   598   599   714
  524   412   413   530   709   597   598   715
  546   547   486   487   731   732   671   672
  547   548   485   486   732   733   670   671
  548   549   484   485   733   734   669   670
  549   491   475   484   734   676   660   669
  545   550   547   546   730   735   732   731
  550   551   548   547   735   736   733   732
  551   552   549   548   736   737   734   733
  552   490   491   549   737   675   676   734
  544   553   550   545   729   738   735   730
  553   554   551   550   738   739   736   735
  554   555   552   551   739   740   737   736
  555   489   490   552   740   674   675   737
  540   543   553   544   725   728   738   729
  543   542   554   553   728   727   739   738
  542   541   555   554   727   726   740   739
  541   488   489   555   726   673   674   740
  541   390   373   488   726   575   558   673
  542   389   390   541   727   574   575   726
  543   388   389   542   728   573   574   727
  540   387   388   543   725   572   573   728
  540   544   386   387   725   729   571   572
  544   545   385   386   729   730   570   571
  545   546   384   385   730   731   569   570
  546   487   372   384   731   672   557   569
  632   635   582   581   817   820   767   766
  635   634   583   582   820   819   768   767
  634   633   584   583   819   818   769   768
  633   568   556   584   818   753   741   769
  633   569   557   568   818   754   742   753
  634   570   569   633   819   755   754   818
  635   571   570   634   820   756   755   819
  632   572   571   635   817   757   756   820
  632   638   573   572   817   823   758   757
  638   637   574   573   823   822   759   758
  637   636   575   574   822   821   760   759
  636   576   558   575   821   761   743   760
  636   577   559   576   821   762   744   761
  637   578   577   636   822   763   762   821
  638   579   578   637   823   764   763   822
  632   580   579   638   817   765   764   823
  632   581   560   580   817   766   745   765
  639   642   598   597   824   827   783   782
  642   641   599   598   827   826   784   783
  641   640   600   599   826   825   785   784
  640   585   561   600   825   770   746   785
  640   586   562   585   825   771   747   770
  641   587   586   640   826   772   771   825
  642   588   587   641   827   773   772   826
  639   589   588   642   824   774   773   827
  639   590   563   589   824   775   748   774
  639   645   591   590   824   830   776   775
  645   644   592   591   830   829   777   776
  644   643   593   592   829   828   778   777
  643   576   559   593   828   761   744   778
  643   594   558   576   828   779   743   761
  644   595   594   643   829   780   779   828
  645   596   595   644   830   781   780   829
  639   597   596   645   824   782   781   830
  646   649   614   613   831   834   799   798
  649   648   615   614   834   833   800   799
  648   647   616   615   833   832   801   800
  647   585   562   616   832   770   747   801
  647   601   561   585   832   786   746   770
  648   602   601   647   833   787   786   832
  649   603   602   648   834   788   787   833
  646   604   603   649   831   789   788   834
  646   652   605   604   831   837   790   789
  652   651   606   605   837   836   791   790
  651   650   607   606   836   835   792   791
  650   608   564   607   835   793   749   792
  650   609   565   608   835   794   750   793
  651   610   609   650   836   795   794   835
  652   611   610   651   837   796   795   836
  646   612   611   652   831   797   796   837
  646   613   566   612   831   798   751   797
  653   656   629   628   838   841   814   813
  656   655   630   629   841   840   815   814
  655   654   631   630   840   839   816   815
  654   568   557   631   839   753   742   816
  654   617   556   568   839   802   741   753
  655   618   617   654   840   803   802   839
  656   619   618   655   841   804   803   840
  653   620   619   656   838   805   804   841
  653   621   567   620   838   806   752   805
  653   659   622   621   838   844   807   806
  659   658   623   622   844   843   808   807
  658   657   624   623   843   842   809   808
  657   608   565   624   842   793   750   809
  657   625   564   608   842   810   749   793
  658   626   625   657   843   811   810   842
  659   627   626   658   844   812   811   843
  653   628   627   659   838   813   812   844
  683   684   662   661   868   869   847   846
  684   685   663   662   869   870   848   847
  685   686   664   663   870   871   849   848
  686   665   660   664   871   850   845   849
  682   687   684   683   867   872   869   868
  687   688   685   684   872   873   870   869
  688   689   686   685   873   874   871   870
  689   666   665   686   874   851   850   871
  681   690   687   682   866   875   872   867
  690   691   688   687   875   876   873   872
  691   692   689   688   876   877   874   873
  692   667   666   689   877   852   851   874
  677   680   690   681   862   865   875   866
  680   679   691   690   865   864   876   875
  679   678   692   691   864   863   877   876
  678   668   667   692   863   853   852   877
  678   607   564   668   863   792   749   853
  679   606   607   678   864   791   792   863
  680   605   606   679   865   790   791   864
  677   604   605   680   862   789   790   865
  677   681   603   604   862   866   788   789
  681   682   602   603   866   867   787   788
  682   683   601   602   867   868   786   787
  683   661   561   601   868   846   746   786
  693   696   627   628   878   881   812   813
  696   695   626   627   881   880   811   812
  695   694   625   626   880   879   810   811
  694   668   564   625   879   853   749   810
  694   700   667   668   879   885   852   853
  700   701   666   667   885   886   851   852
  701   702   665   666   886   887   850   851
  702   669   660   665   887   854   845   850
  695   703   700   694   880   888   885   879
  703   704   701   700   888   889   886   885
  704   705   702   701   889   890   887   886
  705   670   669   702   890   855   854   887
  696   706   703   695   881   891   888   880
  706   707   704   703   891   892   889   888
  707   708   705   704   892   893   890   889
  708   671   670   705   893   856   855   890
  693   699   706   696   878   884   891   881
  699   698   707   706   884   883   892   891
  698   697   708   707   883   882   893   892
  697   672   671   708   882   857   856   893
  697   631   557   672   882   816   742   857
  698   630   631   697   883   815   816   882
  699   629   630   698   884   814   815   883
  693   628   629   699   878   813   814   884
  709   712   596   597   894   897   781   782
  712   711   595   596   897   896   780   781
  711   710   594   595   896   895   779   780
  710   673   558   594   895   858   743   779
  710   716   674   673   895   901   859   858
  716   717   675   674   901   902   860   859
  717   718   676   675   902   903   861   860
  718   664   660   676   903   849   845   861
  711   719   716   710   896   904   901   895
  719   720   717   716   904   905   902   901
  720   721   718   717   905   906   903   902
  721   663   664   718   906   848   849   903
  712   722   719   711   897   907   904   896
  722   723   720   719   907   908   905   904
  723   724   721   720   908   909   906   905
  724   662   663   721   909   847   848   906
  709   715   722   712   894   900   907   897
  715   714   723   722   900   899   908   907
  714   713   724   723   899   898   909   908
  713   661   662   724   898   846   847   909
  713   600   561   661   898   785   746   846
  714   599   600   713   899   784   785   898
  715   598   599   714   900   783   784   899
  709   597   598   715   894   782   783   900
  731   732   671   672   916   917   856   857
  732   733   670   671   917   918   855   856
  733   734   669   670   918   919   854   855
  734   676   660   669   919   861   845   854
  730   735   732   731   915   920   917   916
  735   736   733   732   920   921   918   917
  736   737   734   733   921   922   919   918
  737   675   676   734   922   860   861   919
  729   738   735   730   914   923   920   915
  738   739   736   735   923   924   921   920
  739   740   737   736   924   925   922   921
  740   674   675   737   925   859   860   922
  725   728   738   729   910   913   923   914
  728   727   739   738   913   912   924   923
  727   726   740   739   912   911   925   924
  726   673   674   740   911   858   859   925
  726   575   558   673   911   760   743   858
  727   574   575   726   912   759   760   911
  728   573   574   727   913   758   759   912
  725   572   573   728   910   757   758   913
  725   729   571   572   910   914   756   757
  729   730   570   571   914   915   755   756
  730   731   569   570   915   916   754   755
  731   672   557   569   916   857   742   754
  817   820   767   766  1002  1005   952   951
  820   819   768   767  1005  1004   953   952
  819   818   769   768  1004  1003   954   953
  818   753   741   769  1003   938   926   954
  818   754   742   753  1003   939   927   938
  819   755   754   818  1004   940   939  1003
  820   756   755   819  1005   941   940  1004
  817   757   756   820  1002   942   941  1005
  817   823   758   757  1002  1008   943   942
  823   822   759   758  1008  1007   944   943
  822   821   760   759  1007  1006   945   944
  821   761   743   760  1006   946   928   945
  821   762   744   761  1006   947   929   946
  822   763   762   821  1007   948   947  1006
  823   764   763   822  1008   949   948  1007
  817   765   764   823  1002   950   949  1008
  817   766   745   765  1002   951   930   950
  824   827   783   782  1009  1012   968   967
  827   826   784   783  1012  1011   969   968
  826   825   785   784  1011  1010   970   969
  825   770   746   785  1010   955   931   970
  825   771   747   770  1010   956   932   955
  826   772   771   825  1011   957   956  1010
  827   773   772   826  1012   958   957  1011
  824   774   773   827  1009   959   958  1012
  824   775   748   774  1009   960   933   959
  824   830   776   775  1009  1015   961   960
  830   829   777   776  1015  1014   962   961
  829   828   778   777  1014  1013   963   962
  828   761   744   778  1013   946   929   963
  828   779   743   761  1013   964   928   946
  829   780   779   828  1014   965   964  1013
  830   781   780   829  1015   966   965  1014
  824   782   781   830  1009   967   966  1015
  831   834   799   798  1016  1019   984   983
  834   833   800   799  1019  1018   985   984
  833   832   801   800  1018  1017   986   985
  832   770   747   801  1017   955   932   986
  832   786   746   770  1017   971   931   955
  833   787   786   832  1018   972   971  1017
  834   788   787   833  1019   973   972  1018
  831   789   788   834  1016   974   973  1019
  831   837   790   789  1016  1022   975   974
  837   836   791   790  1022  1021   976   975
  836   835   792   791  1021  1020   977   976
  835   793   749   792  1020   978   934   977
  835   794   750   793  1020   979   935   978
  836   795   794   835  1021   980   979  1020
  837   796   795   836  1022   981   980  1021
  831   797   796   837  1016   982   981  1022
  831   798   751   797  1016   983   936   982
  838   841   814   813  1023  1026   999   998
  841   840   815   814  1026  1025  1000   999
  840   839   816   815  1025  1024  1001  1000
  839   753   742   816  1024   938   927  1001
  839   802   741   753  1024   987   926   938
  840   803   802   839  1025   988   987  1024
  841   804   803   840  1026   989   988  1025
  838   805   804   841  1023   990   989  1026
  838   806   752   805  1023   991   937   990
  838   844   807   806  1023  1029   992   991
  844   843   808   807  1029  1028   993   992
  843   842   809   808  1028  1027   994   993
  842   793   750   809  1027   978   935   994
  842   810   749   793  1027   995   934   978
  843   811   810   842  1028   996   995  1027
  844   812   811   843  1029   997   996  1028
  838   813   812   844  1023   998   997  1029
  868   869   847   846  1053  1054  1032  1031
  869   870   848   847  1054  1055  1033  1032
  870   871   849   848  1055  1056  1034  1033
  871   850   845   849  1056  1035  1030  1034
  867   872   869   868  1052  1057  1054  1053
  872   873   870   869  1057  1058  1055  1054
  873   874   871   870  1058  1059  1056  1055
  874   851   850   871  1059  1036  1035  1056
  866   875   872   867  1051  1060  1057  1052
  875   876   873   872  1060  1061  1058  1057
  876   877   874   873  1061  1062  1059  1058
  877   852   851   874  1062  1037  1036  1059
  862   865   875   866  1047  1050  1060  1051
  865   864   876   875  1050  1049  1061  1060
  864   863   877   876  1049  1048  1062  1061
  863   853   852   877  1048  1038  1037  1062
  863   792   749   853  1048   977   934  1038
  864   791   792   863  1049   976   977  1048
  865   790   791   864  1050   975   976  1049
  862   789   790   865  1047   974   975  1050
  862   866   788   789  1047  1051   973   974
  866   867   787   788  1051  1052   972   973
  867   868   786   787  1052  1053   971   972
  868   846   746   786  1053  1031   931   971
  878   881   812   813  1063  1066   997   998
  881   880   811   812  1066  1065   996   997
  880   879   810   811  1065  1064   995   996
  879   853   749   810  1064  1038   934   995
  879   885   852   853  1064  1070  1037  1038
  885   886   851   852  1070  1071  1036  1037
  886   887   850   851  1071  1072  1035  1036
  887   854   845   850  1072  1039  1030  1035
  880   888   885   879  1065  1073  1070  1064
  888   889   886   885  1073  1074  1071  1070
  889   890   887   886  1074  1075  1072  1071
  890   855   854   887  1075  1040  1039  1072
  881   891   888   880  1066  1076  1073  1065
  891   892   889   888  1076  1077  1074  1073
  892   893   890   889  1077  1078  1075  1074
  893   856   855   890  1078  1041  1040  1075
  878   884   891   881  1063  1069  1076  1066
  884   883   892   891  1069  1068  1077  1076
  883   882   893   892  1068  1067  1078  1077
  882   857   856   893  1067  1042  1041  1078
  882   816   742   857  1067  1001   927  1042
  883   815   816   882  1068  1000  1001  1067
  884   814   815   883  1069   999  1000  1068
  878   813   814   884  1063   998   999  1069
  894   897   781   782  1079  1082   966   967
  897   896   780   781  1082  1081   965   966
  896   895   779   780  1081  1080   964   965
  895   858   743   779  1080  1043   928   964
  895   901   859   858  1080  1086  1044  1043
  901   902   860   859  1086  1087  1045  1044
  902   903   861   860  1087  1088  1046  1045
  903   849   845   861  1088  1034  1030  1046
  896   904   901   895  1081  1089  1086  1080
  904   905   902   901  1089  1090  1087  1086
  905   906   903   902  1090  1091  1088  1087
  906   848   849   903  1091  1033  1034  1088
  897   907   904   896  1082  1092  1089  1081
  907   908   905   904  1092  1093  1090  1089
  908   909   906   905  1093  1094  1091  1090
  909   847   848   906  1094  1032  1033  1091
  894   900   907   897  1079  1085  1092  1082
  900   899   908   907  1085  1084  1093  1092
  899   898   909   908  1084  1083  1094  1093
  898   846   847   909  1083  1031  1032  1094
  898   785   746   846  1083   970   931  1031
  899   784   785   898  1084   969   970  1083
  900   783   784   899  1085   968   969  1084
  894   782   783   900  1079   967   968  1085
  916   917   856   857  1101  1102  1041  1042
  917   918   855   856  1102  1103  1040  1041
  918   919   854   855  1103  1104  1039  1040
  919   861   845   854  1104  1046  1030  1039
  915   920   917   916  1100  1105  1102  1101
  920   921   918   917  1105  1106  1103  1102
  921   922   919   918  1106  1107  1104  1103
  922   860   861   919  1107  1045  1046  1104
  914   923   920   915  1099  1108  1105  1100
  923   924   921   920  1108  1109  1106  1105
  924   925   922   921  1109  1110  1107  1106
  925   859   860   922  1110  1044  1045  1107
  910   913   923   914  1095  1098  1108  1099
  913   912   924   923  1098  1097  1109  1108
  912   911   925   924  1097  1096  1110  1109
  911   858   859   925  1096  1043  1044  1110
  911   760   743   858  1096   945   928  1043
  912   759   760   911  1097   944   945  1096
  913   758   759   912  1098   943   944  1097
  910   757   758   913  1095   942   943  1098
  910   914   756   757  1095  1099   941   942
  914   915   755   756  1099  1100   940   941
  915   916   754   755  1100  1101   939   940
  916   857   742   754  1101  1042   927   939
 1002  1005   952   951  1187  1190  1137  1136
 1005  1004   953   952  1190  1189  1138  1137
 1004  1003   954   953  1189  1188  1139  1138
 1003   938   926   954  1188  1123  1111  1139
 1003   939   927   938  1188  1124  1112  1123
 1004   940   939  1003  1189  1125  1124  1188
 1005   941   940  1004  1190  1126  1125  1189
 1002   942   941  1005  1187  1127  1126  1190
 1002  1008   943   942  1187  1193  1128  1127
 1008  1007   944   943  1193  1192  1129  1128
 1007  1006   945   944  1192  1191  1130  1129
 1006   946   928   945  1191  1131  1113  1130
 1006   947   929   946  1191  1132  1114  1131
 1007   948   947  1006  1192  1133  1132  1191
 1008   949   948  1007  1193  1134  1133  1192
 1002   950   949  1008  1187  1135  1134  1193
 1002   951   930   950  1187  1136  1115  1135
 1009  1012   968   967  1194  1197  1153  1152
 1012  1011   969   968  1197  1196  1154  1153
 1011  1010   970   969  1196  1195  1155  1154
 1010   955   931   970  1195  1140  1116  1155
 1010   956   932   955  1195  1141  1117  1140
 1011   957   956  1010  1196  1142  1141  1195
 1012   958   957  1011  1197  1143  1142  1196
 1009   959   958  1012  1194  1144  1143  1197
 1009   960   933   959  1194  1145  1118  1144
 1009  1015   961   960  1194  1200  1146  1145
 1015  1014   962   961  1200  1199  1147  1146
 1014  1013   963   962  1199  1198  1148  1147
 1013   946   929   963  1198  1131  1114  1148
 1013   964   928   946  1198  1149  1113  1131
 1014   965   964  1013  1199  1150  1149  1198
 1015   966   965  1014  1200  1151  1150  1199
 1009   967   966  1015  1194  1152  1151  1200
 1016  1019   984   983  1201  1204  1169  1168
 1019  1018   985   984  1204  1203  1170  1169
 1018  1017   986   985  1203  1202  1171  1170
 1017   955   932   986  1202  1140  1117  1171
 1017   971   931   955  1202  1156  1116  1140
 1018   972   971  1017  1203  1157  1156  1202
 1019   973   972  1018  1204  1158  1157  1203
 1016   974   973  1019  1201  1159  1158  1204
 1016  1022   975   974  1201  1207  1160  1159
 1022  1021   976   975  1207  1206  1161  1160
 1021  1020   977   976  1206  1205  1162  1161
 1020   978   934   977  1205  1163  1119  1162
 1020   979   935   978  1205  1164  1120  1163
 1021   980   979  1020  1206  1165  1164  1205
 1022   981   980  1021  1207  1166  1165  1206
 1016   982   981  1022  1201  1167  1166  1207
 1016   983   936   982  1201  1168  1121  1167
 1023  1026   999   998  1208  1211  1184  1183
 1026  1025  1000   999  1211  1210  1185  1184
 1025  1024  1001  1000  1210  1209  1186  1185
 1024   938   927  1001  1209  1123  1112  1186
 1024   987   926   938  1209  1172  1111  1123
 1025   988   987  1024  1210  1173  1172  1209
 1026   989   988  1025  1211  1174  1173  1210
 1023   990   989  1026  1208  1175  1174  1211
 1023   991   937   990  1208  1176  1122  1175
 1023  1029   992   991  1208  1214  1177  1176
 1029  1028   993   992  1214  1213  1178  1177
 1028  1027   994   993  1213  1212  1179  1178
 1027   978   935   994  1212  1163  1120  1179
 1027   995   934   978  1212  1180  1119  1163
 1028   996   995  1027  1213  1181  1180  1212
 1029   997   996  1028  1214  1182  1181  1213
 1023   998   997  1029  1208  1183  1182  1214
 1053  1054  1032  1031  1238  1239  1217  1216
 1054  1055  1033  1032  1239  1240  1218  1217
 1055  1056  1034  1033  1240  1241  1219  1218
 1056  1035  1030  1034  1241  1220  1215  1219
 1052  1057  1054  1053  1237  1242  1239  1238
 1057  1058  1055  1054  1242  1243  1240  1239
 1058  1059  1056  1055  1243  1244  1241  1240
 1059  1036  1035  1056  1244  1221  1220  1241
 1051  1060  1057  1052  1236  1245  1242  1237
 1060  1061  1058  1057  1245  1246  1243  1242
 1061  1062  1059  1058  1246  1247  1244  1243
 1062  1037  1036  1059  1247  1222  1221  1244
 1047  1050  1060  1051  1232  1235  1245  1236
 1050  1049  1061  1060  1235  1234  1246  1245
 1049  1048  1062  1061  1234  1233  1247  1246
 1048  1038  1037  1062  1233  1223  1222  1247
 1048   977   934  1038  1233  1162  1119  1223
 1049   976   977  1048  1234  1161  1162  1233
 1050   975   976  1049  1235  1160  1161  1234
 1047   974   975  1050  1232  1159  1160  1235
 1047  1051   973   974  1232  1236  1158  1159
 1051  1052   972   973  1236  1237  1157  1158
 1052  1053   971   972  1237  1238  1156  1157
 1053  1031   931   971  1238  1216  1116  1156
 1063  1066   997   998  1248  1251  1182  1183
 1066  1065   996   997  1251  1250  1181  1182
 1065  1064   995   996  1250  1249  1180  1181
 1064  1038   934   995  1249  1223  1119  1180
 1064  1070  1037  1038  1249  1255  1222  1223
 1070  1071  1036  1037  1255  1256  1221  1222
 1071  1072  1035  1036  1256  1257  1220  1221
 1072  1039  1030  1035  1257  1224  1215  1220
 1065  1073  1070  1064  1250  1258  1255  1249
 1073  1074  1071  1070  1258  1259  1256  1255
 1074  1075  1072  1071  1259  1260  1257  1256
 1075  1040  1039  1072  1260  1225  1224  1257
 1066  1076  1073  1065  1251  1261  1258  1250
 1076  1077  1074  1073  1261  1262  1259  1258
 1077  1078  1075  1074  1262  1263  1260  1259
 1078  1041  1040  1075  1263  1226  1225  1260
 1063  1069  1076  1066  1248  1254  1261  1251
 1069  1068  1077  1076  1254  1253  1262  1261
 1068  1067  1078  1077  1253  1252  1263  1262
 1067  1042  1041  1078  1252  1227  1226  1263
 1067  1001   927  1042  1252  1186  1112  1227
 1068  1000  1001  1067  1253  1185  1186  1252
 1069   999  1000  1068  1254  1184  1185  1253
 1063   998   999  1069  1248  1183  1184  1254
 1079  1082   966   967  1264  1267  1151  1152
 1082  1081   965   966  1267  1266  1150  1151
 1081  1080   964   965  1266  1265  1149  1150
 1080  1043   928   964  1265  1228  1113  1149
 1080  1086  1044  1043  1265  1271  1229  1228
 1086  1087  1045  1044  1271  1272  1230  1229
 1087  1088  1046  1045  1272  1273  1231  1230
 1088  1034  1030  1046  1273  1219  1215  1231
 1081  1089  1086  1080  1266  1274  1271  1265
 1089  1090  1087  1086  1274  1275  1272  1271
 1090  1091  1088  1087  1275  1276  1273  1272
 1091  1033  1034  1088  1276  1218  1219  1273
 1082  1092  1089  1081  1267  1277  1274  1266
 1092  1093  1090  1089  1277  1278  1275  1274
 1093  1094  1091  1090  1278  1279  1276  1275
 1094  1032  1033  1091  1279  1217  1218  1276
 1079  1085  1092  1082  1264  1270  1277  1267
 1085  1084  1093  1092  1270  1269  1278  1277
 1084  1083  1094  1093  1269  1268  1279  1278
 1083  1031  1032  1094  1268  1216  1217  1279
 1083   970   931  1031  1268  1155  1116  1216
 1084   969   970  1083  1269  1154  1155  1268
 1085   968   969  1084  1270  1153  1154  1269
 1079   967   968  1085  1264  1152  1153  1270
 1101  1102  1041  1042  1286  1287  1226  1227
 1102  1103  1040  1041  1287  1288  1225  1226
 1103  1104  1039  1040  1288  1289  1224  1225
 1104  1046  1030  1039  1289  1231  1215  1224
 1100  1105  1102  1101  1285  1290  1287  1286
 1105  1106  1103  1102  1290  1291  1288  1287
 1106  1107  1104  1103  1291  1292  1289  1288
 1107  1045  1046  1104  1292  1230  1231  1289
 1099  1108  1105  1100  1284  1293  1290  1285
 1108  1109  1106  1105  1293  1294  1291  1290
 1109  1110  1107  1106  1294  1295  1292  1291
 1110  1044  1045  1107  1295  1229  1230  1292
 1095  1098  1108  1099  1280  1283  1293  1284
 1098  1097  1109  1108  1283  1282  1294  1293
 1097  1096  1110  1109  1282  1281  1295  1294
 1096  1043  1044  1110  1281  1228  1229  1295
 1096   945   928  1043  1281  1130  1113  1228
 1097   944   945  1096  1282  1129  1130  1281
 1098   943   944  1097  1283  1128  1129  1282
 1095   942   943  1098  1280  1127  1128  1283
 1095  1099   941   942  1280  1284  1126  1127
 1099  1100   940   941  1284  1285  1125  1126
 1100  1101   939   940  1285  1286  1124  1125
 1101  1042   927   939  1286  1227  1112  1124
 1187  1190  1137  1136  1372  1375  1322  1321
 1190  1189  1138  1137  1375  1374  1323  1322
 1189  1188  1139  1138  1374  1373  1324  1323
 1188  1123  1111  1139  1373  1308  1296  1324
 1188  1124  1112  1123  1373  1309  1297  1308
 1189  1125  1124  1188  1374  1310  1309  1373
 1190  1126  1125  1189  1375  1311  1310  1374
 1187  1127  1126  1190  1372  1312  1311  1375
 1187  1193  1128  1127  1372  1378  1313  1312
 1193  1192  1129  1128  1378  1377  1314  1313
 1192  1191  1130  1129  1377  1376  1315  1314
 1191  1131  1113  1130  1376  1316  1298  1315
 1191  1132  1114  1131  1376  1317  1299  1316
 1192  1133  1132  1191  1377  1318  1317  1376
 1193  1134  1133  1192  1378  1319  1318  1377
 1187  1135  1134  1193  1372  1320  1319  1378
 1187  1136  1115  1135  1372  1321  1300  1320
 1194  1197  1153  1152  1379  1382  1338  1337
 1197  1196  1154  1153  1382  1381  1339  1338
 1196  1195  1155  1154  1381  1380  1340  1339
 1195  1140  1116  1155  1380  1325  1301  1340
 1195  1141  1117  1140  1380  1326  1302  1325
 1196  1142  1141  1195  1381  1327  1326  1380
 1197  1143  1142  1196  1382  1328  1327  1381
 1194  1144  1143  1197  1379  1329  1328  1382
 1194  1145  1118  1144  1379  1330  1303  1329
 1194  1200  1146  1145  1379  1385  1331  1330
 1200  1199  1147  1146  1385  1384  1332  1331
 1199  1198  1148  1147  1384  1383  1333  1332
 1198  1131  1114  1148  1383  1316  1299  1333
 1198  1149  1113  1131  1383  1334  1298  1316
 1199  1150  1149  1198  1384  1335  1334  1383
 1200  1151  1150  1199  1385  1336  1335  1384
 1194  1152  1151  1200  1379  1337  1336  1385
 1201  1204  1169  1168  1386  1389  1354  1353
 1204  1203  1170  1169  1389  1388  1355  1354
 1203  1202  1171  1170  1388  1387  1356  1355
 1202  1140  1117  1171  1387  1325  1302  1356
 1202  1156  1116  1140  1387  1341  1301  1325
 1203  1157  1156  1202  1388  1342  1341  1387
 1204  1158  1157  1203  1389  1343  1342  1388
 1201  1159  1158  1204  1386  1344  1343  1389
 1201  1207  1160  1159  1386  1392  1345  1344
 1207  1206  1161  1160  1392  1391  1346  1345
 1206  1205  1162  1161  1391  1390  1347  1346
 1205  1163  1119  1162  1390  1348  1304  1347
 1205  1164  1120  1163  1390  1349  1305  1348
 1206  1165  1164  1205  1391  1350  1349  1390
 1207  1166  1165  1206  1392  1351  1350  1391
 1201  1167  1166  1207  1386  1352  1351  1392
 1201  1168  1121  1167  1386  1353  1306  1352
 1208  1211  1184  1183  1393  1396  1369  1368
 1211  1210  1185  1184  1396  1395  1370  1369
 1210  1209  1186  1185  1395  1394  1371  1370
 1209  1123  1112  1186  1394  1308  1297  1371
 1209  1172  1111  1123  1394  1357  1296  1308
 1210  1173  1172  1209  1395  1358  1357  1394
 1211  1174  1173  1210  1396  1359  1358  1395
 1208  1175  1174  1211  1393  1360  1359  1396
 1208  1176  1122  1175  1393  1361  1307  1360
 1208  1214  1177  1176  1393  1399  1362  1361
 1214  1213  1178  1177  1399  1398  1363  1362
 1213  1212  1179  1178  1398  1397  1364  1363
 1212  1163  1120  1179  1397  1348  1305  1364
 1212  1180  1119  1163  1397  1365  1304  1348
 1213  1181  1180  1212  1398  1366  1365  1397
 1214  1182  1181  1213  1399  1367  1366  1398
 1208  1183  1182  1214  1393  1368  1367  1399
 1238  1239  1217  1216  1423  1424  1402  1401
 1239  1240  1218  1217  1424  1425  1403  1402
 1240  1241  1219  1218  1425  1426  1404  1403
 1241  1220  1215  1219  1426  1405  1400  1404
 1237  1242  1239  1238  1422  1427  1424  1423
 1242  1243  1240  1239  1427  1428  1425  1424
 1243  1244  1241  1240  1428  1429  1426  1425
 1244  1221  1220  1241  1429  1406  1405  1426
 1236  1245  1242  1237  1421  1430  1427  1422
 1245  1246  1243  1242  1430  1431  1428  1427
 1246  1247  1244  1243  1431  1432  1429  1428
 1247  1222  1221  1244  1432  1407  1406  1429
 1232  1235  1245  1236  1417  1420  1430  1421
 1235  1234  1246  1245  1420  1419  1431  1430
 1234  1233  1247  1246  1419  1418  1432  1431
 1233  1223  1222  1247  1418  1408  1407  1432
 1233  1162  1119  1223  1418  1347  1304  1408
 1234  1161  1162  1233  1419  1346  1347  1418
 1235  1160  1161  1234  1420  1345  1346  1419
 1232  1159  1160  1235  1417  1344  1345  1420
 1232  1236  1158  1159  1417  1421  1343  1344
 1236  1237  1157  1158  1421  1422  1342  1343
 1237  1238  1156  1157  1422  1423  1341  1342
 1238  1216  1116  1156  1423  1401  1301  1341
 1248  1251  1182  1183  1433  1436  1367  1368
 1251  1250  1181  1182  1436  1435  1366  1367
 1250  1249  1180  1181  1435  1434  1365  1366
 1249  1223  1119  1180  1434  1408  1304  1365
 1249  1255  1222  1223  1434  1440  1407  1408
 1255  1256  1221  1222  1440  1441  1406  1407
 1256  1257  1220  1221  1441  1442  1405  1406
 1257  1224  1215  1220  1442  1409  1400  1405
 1250  1258  1255  1249  1435  1443  1440  1434
 1258  1259  1256  1255  1443  1444  1441  1440
 1259  1260  1257  1256  1444  1445  1442  1441
 1260  1225  1224  1257  1445  1410  1409  1442
 1251  1261  1258  1250  1436  1446  1443  1435
 1261  1262  1259  1258  1446  1447  1444  1443
 1262  1263  1260  1259  1447  1448  1445  1444
 1263  1226  1225  1260  1448  1411  1410  1445
 1248  1254  1261  1251  1433  1439  1446  1436
 1254  1253  1262  1261  1439  1438  1447  1446
 1253  1252  1263  1262  1438  1437  1448  1447
 1252  1227  1226  1263  1437  1412  1411  1448
 1252  1186  1112  1227  1437  1371  1297  1412
 1253  1185  1186  1252  1438  1370  1371  1437
 1254  1184  1185  1253  1439  1369  1370  1438
 1248  1183  1184  1254  1433  1368  1369  1439
 1264  1267  1151  1152  1449  1452  1336  1337
 1267  1266  1150  1151  1452  1451  1335  1336
 1266  1265  1149  1150  1451  1450  1334  1335
 1265  1228  1113  1149  1450  1413  1298  1334
 1265  1271  1229  1228  1450  1456  1414  1413
 1271  1272  1230  1229  1456  1457  1415  1414
 1272  1273  1231  1230  1457  1458  1416  1415
 1273  1219  1215  1231  1458  1404  1400  1416
 1266  1274  1271  1265  1451  1459  1456  1450
 1274  1275  1272  1271  1459  1460  1457  1456
 1275  1276  1273  1272  1460  1461  1458  1457
 1276  1218  1219  1273  1461  1403  1404  1458
 1267  1277  1274  1266  1452  1462  1459  1451
 1277  1278  1275  1274  1462  1463  1460  1459
 1278  1279  1276  1275  1463  1464  1461  1460
 1279  1217  1218  1276  1464  1402  1403  1461
 1264  1270  1277  1267  1449  1455  1462  1452
 1270  1269  1278  1277  1455  1454  1463  1462
 1269  1268  1279  1278  1454  1453  1464  1463
 1268  1216  1217  1279  1453  1401  1402  1464
 1268  1155  1116  1216  1453  1340  1301  1401
 1269  1154  1155  1268  1454  1339  1340  1453
 1270  1153  1154  1269  1455  1338  1339  1454
 1264  1152  1153  1270  1449  1337  1338  1455
 1286  1287  1226  1227  1471  1472  1411  1412
 1287  1288  1225  1226  1472  1473  1410  1411
 1288  1289  1224  1225  1473  1474  1409  1410
 1289  1231  1215  1224  1474  1416  1400  1409
 1285  1290  1287  1286  1470  1475  1472  1471
 1290  1291  1288  1287  1475  1476  1473  1472
 1291  1292  1289  1288  1476  1477  1474  1473
 1292  1230  1231  1289  1477  1415  1416  1474
 1284  1293  1290  1285  1469  1478  1475  1470
 1293  1294  1291  1290  1478  1479  1476  1475
 1294  1295  1292  1291  1479  1480  1477  1476
 1295  1229  1230  1292  1480  1414  1415  1477
 1280  1283  1293  1284  1465  1468  1478  1469
 1283  1282  1294  1293  1468  1467  1479  1478
 1282  1281  1295  1294  1467  1466  1480  1479
 1281  1228  1229  1295  1466  1413  1414  1480
 1281  1130  1113  1228  1466  1315  1298  1413
 1282  1129  1130  1281  1467  1314  1315  1466
 1283  1128  1129  1282  1468  1313  1314  1467
 1280  1127  1128  1283  1465  1312  1313  1468
 1280  1284  1126  1127  1465  1469  1311  1312
 1284  1285  1125  1126  1469  1470  1310  1311
 1285  1286  1124  1125  1470  1471  1309  1310
 1286  1227  1112  1124  1471  1412  1297  1309
