       198        199        171        170
       199        200        172        171
       200        201        173        172
       201        202        174        173
       202        175        169        174
       273        184          2         15
       197        203        199        198
       198        170          6         57
       204        205        201        200
       215        219         91         92
       203        204        200        199
       205        206        202        201
       206        176        175        202
       196        207        203        197
       197        198         57         58
       208        209        205        204
       207        208        204        203
       209        210        206        205
       210        177        176        206
       195        211        207        196
       196        197         58         59
       212        213        209        208
       211        212        208        207
       213        214        210        209
       214        178        177        210
       190        194        211        195
       190        195         60         61
       194        193        212        211
       190         61         62        194
       192        191        214        213
       193        192        213        212
       194         62         63        193
       191        179        178        214
       193         63         64        192
       191         65          9        179
       192         64         65        191
       195        196         59         60
       218        217         89         90
       219        218         90         91
       217        216         88         89
       216        179          9         88
       216        224        178        179
       224        225        177        178
       228        229        225        224
       225        226        176        177
       226        227        175        176
       227        180        169        175
       217        228        224        216
       232        233        229        228
       229        230        226        225
       230        231        227        226
       231        181        180        227
       218        232        228        217
       236        237        233        232
       233        234        230        229
       234        235        231        230
       235        182        181        231
       219        236        232        218
       237        238        234        233
       238        239        235        234
       239        183        182        235
       215        223        236        219
       240        244         51         52
       223        222        237        236
       215         92         93        223
       221        220        239        238
       222        221        238        237
       223         93         94        222
       220        184        183        239
       222         94         95        221
       220         96          2        184
       221         95         96        220
       243        242         49         50
       244        243         50         51
       242        241         48         49
       241        185          3         48
       241        249        186        185
       253        254        250        249
       249        250        187        186
       250        251        188        187
       251        252        189        188
       252        174        169        189
       243        257        253        242
       242        253        249        241
       257        258        254        253
       254        255        251        250
       255        256        252        251
       256        173        174        252
       244        261        257        243
       261        262        258        257
       258        259        255        254
       259        260        256        255
       260        172        173        256
       240        248        261        244
       262        263        259        258
       263        264        260        259
       264        171        172        260
       273        274        183        184
       248        247        262        261
       240         52         53        248
       246        245        264        263
       247        246        263        262
       248         53         54        247
       245        170        171        264
       247         54         55        246
       245         56          6        170
       246         55         56        245
       275        276        181        182
       274        275        182        183
       276        277        180        181
       277        189        169        180
       272        278        274        273
       271        282        278        272
       279        280        276        275
       278        279        275        274
       280        281        277        276
       281        188        189        277
       270        286        282        271
       272        273         15         16
       283        284        280        279
       282        283        279        278
       284        285        281        280
       285        187        188        281
       265        269        286        270
       271        272         16         17
       287        288        284        283
       286        287        283        282
       288        289        285        284
       289        186        187        285
       265        270         18         19
       269        268        287        286
       265         19         20        269
       267        266        289        288
       268        267        288        287
       269         20         21        268
       266        185        186        289
       268         21         22        267
       266         23          3        185
       267         22         23        266
       270        271         17         18
