       128        129        107        106
       129        130        108        107
       130        131        109        108
       131        110        105        109
       176        117          2         14
       127        132        129        128
       128        106          6         46
       133        134        131        130
       138        141         72         73
       132        133        130        129
       134        111        110        131
       126        135        132        127
       127        128         46         47
       136        137        134        133
       135        136        133        132
       137        112        111        134
       122        125        135        126
       122        126         48         49
       125        124        136        135
       122         49         50        125
       123        113        112        137
       124        123        137        136
       125         50         51        124
       123         52          9        113
       124         51         52        123
       126        127         47         48
       140        139         70         71
       141        140         71         72
       139        113          9         70
       139        145        112        113
       145        146        111        112
       148        149        146        145
       146        147        110        111
       147        114        105        110
       140        148        145        139
       151        152        149        148
       149        150        147        146
       150        115        114        147
       141        151        148        140
       152        153        150        149
       153        116        115        150
       138        144        151        141
       154        157         41         42
       144        143        152        151
       138         73         74        144
       142        117        116        153
       143        142        153        152
       144         74         75        143
       142         76          2        117
       143         75         76        142
       156        155         39         40
       157        156         40         41
       155        118          3         39
       155        161        119        118
       164        165        162        161
       161        162        120        119
       162        163        121        120
       163        109        105        121
       157        167        164        156
       156        164        161        155
       167        168        165        164
       165        166        163        162
       166        108        109        163
       154        160        167        157
       168        169        166        165
       169        107        108        166
       176        177        116        117
       160        159        168        167
       154         42         43        160
       158        106        107        169
       159        158        169        168
       160         43         44        159
       158         45          6        106
       159         44         45        158
       178        179        114        115
       177        178        115        116
       179        121        105        114
       175        180        177        176
       174        183        180        175
       181        182        179        178
       180        181        178        177
       182        120        121        179
       170        173        183        174
       175        176         14         15
       184        185        182        181
       183        184        181        180
       185        119        120        182
       170        174         16         17
       173        172        184        183
       170         17         18        173
       171        118        119        185
       172        171        185        184
       173         18         19        172
       171         20          3        118
       172         19         20        171
       174        175         15         16
